# orbit data saved at Fri Nov 18 17:20:19 2016
#       zpos [m]                x [mm]                 y [mm]        
  0.00000000000000e+00   3.34445119547524e-03   8.31068261549268e-03
  7.20000000000000e-02   4.26902780791590e-03   8.27448254117139e-03
  2.07064000000000e-01   6.00343080211985e-03   8.20657522397513e-03
  4.47064000000000e-01   9.81567830034002e-03  -5.28986229772643e-03
  5.11327000000000e-01   1.11036224421554e-02  -1.72675618534974e-02
  5.11327000000000e-01   1.11036224421554e-02  -1.72675618534974e-02
  5.67207000000000e-01   1.22235564421965e-02  -2.76827906971007e-02
  6.43330000000000e-01   1.37491959533834e-02  -4.18710237905441e-02
  7.43330000000000e-01  -5.86594532750832e-03  -5.91793219555128e-02
  7.43330000000000e-01  -5.86594532750832e-03  -5.91793219555128e-02
  7.43330000000000e-01  -5.86594532750832e-03  -5.91793219555128e-02
  8.43330000000000e-01  -3.20045324184279e-02  -5.97112245646487e-02
  9.19453000000000e-01  -3.52395207981752e-02  -6.16591961674592e-02
  9.86723000000000e-01  -3.80982844872783e-02  -6.33806213572318e-02
  1.22672300000000e+00  -5.26547565388579e-02  -9.19793593913082e-02
  1.76636900000000e+00  -9.91023456345734e-02  -2.52517334849226e-01
  2.00636900000000e+00  -1.29446545389933e-01  -3.64190666028597e-01
  2.07063200000000e+00  -1.41555616300226e-01  -4.13064755701379e-01
  2.07063200000000e+00  -1.41555616300226e-01  -4.13064755701379e-01
  2.12651200000000e+00  -1.52085079326650e-01  -4.55563302780025e-01
  2.20263500000000e+00  -1.66428928896452e-01  -5.13457305988110e-01
  2.30263500000000e+00  -3.55367168512185e-01  -4.62779995023905e-01
  2.30263500000000e+00  -3.55367168512185e-01  -4.62779995023905e-01
  2.30263500000000e+00  -3.55367168512185e-01  -4.62779995023905e-01
  2.40263500000000e+00  -4.66964526556204e-01  -3.02149944184450e-01
  2.47875800000000e+00  -4.24872073543343e-01  -2.79807781280261e-01
  2.54602800000000e+00  -3.87674914811092e-01  -2.60063981133593e-01
  2.78602800000000e+00  -2.80423866937217e-01  -2.18469515101102e-01
  2.92109200000000e+00  -2.43319290310851e-01  -2.28526129350268e-01
  2.99309200000000e+00  -2.23539559834200e-01  -2.33887115445305e-01
  3.10909200000000e+00  -1.91672216288484e-01  -2.42524259709530e-01
  3.10909200000000e+00  -1.91672216288484e-01  -2.42524259709530e-01
  3.18309200000000e+00  -1.71343048854149e-01  -2.48034162084984e-01
  3.27409200000000e+00  -1.46343667279493e-01  -2.54809852843988e-01
  3.27409200000000e+00  -1.46343667279493e-01  -2.54809852843988e-01
  3.37309200000000e+00  -1.19146537874098e-01  -2.62181208724663e-01
  3.44509200000000e+00  -9.93668073974468e-02  -2.67542194819699e-01
  3.58015600000000e+00  -6.22622307710805e-02  -2.77598809068865e-01
  3.82015600000000e+00   8.67266455252111e-04  -3.21549232262557e-01
  3.88441900000000e+00   1.67328159919024e-02  -3.50132554944177e-01
  3.88441900000000e+00   1.67328159919024e-02  -3.50132554944177e-01
  3.94029900000000e+00   3.05287313414507e-02  -3.74987231374611e-01
  4.01642200000000e+00   4.93223330621677e-02  -4.08845723391681e-01
  4.11642200000000e+00  -7.97170794629826e-02  -4.26652352331145e-01
  4.11642200000000e+00  -7.97170794629826e-02  -4.26652352331145e-01
  4.11642200000000e+00  -7.97170794629826e-02  -4.26652352331145e-01
  4.21642200000000e+00  -1.90344046561924e-01  -3.57500459030999e-01
  4.29254500000000e+00  -1.58092790338646e-01  -3.27860009281880e-01
  4.35981500000000e+00  -1.29592310770844e-01  -3.01666702993067e-01
  4.59981500000000e+00  -3.34169250126896e-02  -2.32934234941663e-01
  5.13946100000000e+00   1.61887918612839e-01  -2.12209747686193e-01
  5.37946100000000e+00   2.58158943768055e-01  -2.22572448395437e-01
  5.44372400000000e+00   2.89890149427056e-01  -2.39465566005664e-01
  5.44372400000000e+00   2.89890149427056e-01  -2.39465566005664e-01
  5.49960400000000e+00   3.17482072807928e-01  -2.54155004906112e-01
  5.57572700000000e+00   3.55069402505891e-01  -2.74165816599362e-01
  5.67572700000000e+00   2.68077353875368e-01  -3.95469583750112e-01
  5.67572700000000e+00   2.68077353875368e-01  -3.95469583750112e-01
  5.67572700000000e+00   2.68077353875368e-01  -3.95469583750112e-01
  5.77572700000000e+00   1.24342523057130e-01  -4.36020640574358e-01
  5.85185000000000e+00   1.20386172838921e-01  -3.96901842140542e-01
  5.91912000000000e+00   1.16889940699109e-01  -3.62332506057587e-01
  6.15912000000000e+00   1.09028015950628e-01  -2.61255929671905e-01
  6.29418400000000e+00   1.10672957554160e-01  -2.36968004148093e-01
  6.36618400000000e+00   1.11549844033565e-01  -2.24020581905937e-01
  6.48218400000000e+00   1.12962605583718e-01  -2.03160846071354e-01
  6.48218400000000e+00   1.12962605583718e-01  -2.03160846071354e-01
  6.55618400000000e+00   1.13863850020884e-01  -1.89853773211360e-01
  6.55618400000000e+00   1.13863850020884e-01  -1.89853773211360e-01
  6.64718400000000e+00   1.14972137099020e-01  -1.73489670099747e-01
  6.64718400000000e+00   1.14972137099020e-01  -1.73489670099747e-01
  6.74618400000000e+00   1.16177856008202e-01  -1.55686964516783e-01
  6.81818400000000e+00   1.17054742487607e-01  -1.42739542274628e-01
  6.95324800000000e+00   1.18699684091140e-01  -1.18451616750815e-01
  7.19324800000000e+00   1.24893526575385e-01  -8.23874055131370e-02
  7.25751100000000e+00   1.29231280558095e-01  -8.17202381035748e-02
  7.25751100000000e+00   1.29231280558095e-01  -8.17202381035748e-02
  7.31339100000000e+00   1.33003181847388e-01  -8.11401015577189e-02
  7.38951400000000e+00   1.38141486103737e-01  -8.03498056686676e-02
  7.48951400000000e+00   1.06822196691946e-01  -1.14844001793443e-01
  7.48951400000000e+00   1.06822196691946e-01  -1.14844001793443e-01
  7.48951400000000e+00   1.06822196691946e-01  -1.14844001793443e-01
  7.58951400000000e+00   6.11428427036942e-02  -1.23623008580024e-01
  7.66563700000000e+00   5.57266182437597e-02  -1.03940611406081e-01
  7.73290700000000e+00   5.09402932247800e-02  -8.65472499004765e-02
  7.97290700000000e+00   3.48501986495996e-02  -2.81776130947089e-02
  8.51255300000000e+00   5.78587678637371e-03   4.08674872701569e-02
  8.75255300000000e+00  -7.06822202406353e-03   7.20880250577572e-02
  8.81681600000000e+00  -1.05197474259419e-02   7.56403597478702e-02
  8.81681600000000e+00  -1.05197474259419e-02   7.56403597478702e-02
  8.87269600000000e+00  -1.35210271585558e-02   7.87292983670371e-02
  8.94881900000000e+00  -1.76095457177140e-02   8.29372309816905e-02
  9.04881900000000e+00   5.81123903874862e-03   8.67930557875090e-02
  9.04881900000000e+00   5.81123903874862e-03   8.67930557875090e-02
  9.04881900000000e+00   5.81123903874862e-03   8.67930557875090e-02
  9.14881900000000e+00   2.68442131236843e-02   7.57995170464554e-02
  9.22494200000000e+00   2.10016491115348e-02   6.90982540349600e-02
  9.29221200000000e+00   1.58385672427528e-02   6.31763386771404e-02
  9.53221200000000e+00  -2.32057695856616e-03   3.95070039450040e-02
  9.66727600000000e+00  -1.22939938866451e-02   1.59511551796124e-02
  9.73927600000000e+00  -1.76106291027032e-02   3.39398886506376e-03
  9.85527600000000e+00  -2.61763191730192e-02  -1.68370013083757e-02
  9.85527600000000e+00  -2.61763191730192e-02  -1.68370013083757e-02
  9.92927600000000e+00  -3.16406387006345e-02  -2.97429777983285e-02
  9.92927600000000e+00  -3.16406387006345e-02  -2.97429777983285e-02
  1.00202760000000e+01  -3.83602748764858e-02  -4.56138407792164e-02
  1.00202760000000e+01  -3.83602748764858e-02  -4.56138407792164e-02
  1.01192760000000e+01  -4.56706482985658e-02  -6.28799444617207e-02
  1.01912760000000e+01  -5.09872835146240e-02  -7.54371107762694e-02
  1.03665880000000e+01  -6.39326995284794e-02  -1.06012415511494e-01
  1.06665880000000e+01  -9.36317596059647e-02  -2.93748354712394e-01
  1.07621830000000e+01  -1.05430088121825e-01  -4.00806494688016e-01
  1.07621830000000e+01  -1.05430088121825e-01  -4.00806494688016e-01
  1.08180630000000e+01  -1.12326793989979e-01  -4.63387266295712e-01
  1.08941990000000e+01  -1.21723494025373e-01  -5.48653007654402e-01
  1.11441990000000e+01  -4.75774298906667e-01  -5.99319481386708e-01
  1.11441990000000e+01  -4.75774298906667e-01  -5.99319481386708e-01
  1.11441990000000e+01  -4.75774298906667e-01  -5.99319481386708e-01
  1.13941990000000e+01  -7.14415072092575e-01  -3.33259947366748e-01
  1.14703350000000e+01  -6.91547397487466e-01  -3.29945048142253e-01
  1.15689370000000e+01  -6.61931992798318e-01  -3.25651997636137e-01
  1.18689370000000e+01  -6.08840158782495e-01  -3.94052782799784e-01
  1.19666250000000e+01  -6.05490871791816e-01  -4.49794926519956e-01
  1.22666250000000e+01  -6.18713053325139e-01  -6.92872192002444e-01
  1.23643130000000e+01  -6.36236285765030e-01  -8.05806918301702e-01
  1.26643130000000e+01  -7.05647500260627e-01  -1.22815246203786e+00
  1.27599080000000e+01  -7.41462074125193e-01  -1.39888266571153e+00
  1.27599080000000e+01  -7.41462074125193e-01  -1.39888266571153e+00
  1.28157880000000e+01  -7.62397461829068e-01  -1.49868290402194e+00
  1.28919240000000e+01  -7.90921740251083e-01  -1.63465983573279e+00
  1.31419240000000e+01  -1.54067180515234e+00  -1.39525723472807e+00
  1.31419240000000e+01  -1.54067180515234e+00  -1.39525723472807e+00
  1.31419240000000e+01  -1.54067180515234e+00  -1.39525723472807e+00
  1.33919240000000e+01  -1.84044217483315e+00  -6.67153360936179e-01
  1.34680600000000e+01  -1.74070182579795e+00  -6.63848255046581e-01
  1.35666620000000e+01  -1.61153037082831e+00  -6.59567887665498e-01
  1.38666620000000e+01  -1.24639767671866e+00  -7.01514117359342e-01
  1.39643500000000e+01  -1.15726153565140e+00  -7.51844338994176e-01
  1.42643500000000e+01  -8.94458973374609e-01  -9.51348262803081e-01
  1.43620380000000e+01  -8.28941530849622e-01  -1.05311479630928e+00
  1.46620380000000e+01  -6.30759567314929e-01  -1.40891351785337e+00
  1.47576330000000e+01  -5.80648984392119e-01  -1.56084606351508e+00
  1.47576330000000e+01  -5.80648984392119e-01  -1.56084606351508e+00
  1.48135130000000e+01  -5.51356873154852e-01  -1.64965814209217e+00
  1.48896490000000e+01  -5.11446633692421e-01  -1.77066380448560e+00
  1.51396490000000e+01  -1.06834176528559e+00  -1.76882772442836e+00
  1.51396490000000e+01  -1.06834176528559e+00  -1.76882772442836e+00
  1.51396490000000e+01  -1.06834176528559e+00  -1.76882772442836e+00
  1.53896490000000e+01  -1.47533353855035e+00  -1.38831606507320e+00
  1.54657850000000e+01  -1.39191706075706e+00  -1.39943952793822e+00
  1.55643870000000e+01  -1.28388627974186e+00  -1.41384527141589e+00
  1.58643870000000e+01  -9.81393588744761e-01  -1.57364816241084e+00
  1.60396990000000e+01  -8.46292824913413e-01  -1.77399973210779e+00
  1.61116990000000e+01  -7.90807433178351e-01  -1.85628339220053e+00
  1.62276990000000e+01  -7.01414302049641e-01  -1.98885151123885e+00
  1.62276990000000e+01  -7.01414302049641e-01  -1.98885151123885e+00
  1.63016990000000e+01  -6.44387649433050e-01  -2.07342082855640e+00
  1.63016990000000e+01  -6.44387649433050e-01  -2.07342082855640e+00
  1.63926990000000e+01  -5.74260279323459e-01  -2.17741823228473e+00
  1.63926990000000e+01  -5.74260279323459e-01  -2.17741823228473e+00
  1.64916990000000e+01  -4.97967865687749e-01  -2.29055826491226e+00
  1.65636990000000e+01  -4.42482473952688e-01  -2.37284192500501e+00
  1.67390110000000e+01  -3.07381710121340e-01  -2.57319349470195e+00
  1.70390110000000e+01  -8.12912843672037e-02  -3.07174339439183e+00
  1.71346060000000e+01  -1.27823001318403e-02  -3.30732661899185e+00
  1.71346060000000e+01  -1.27823001318403e-02  -3.30732661899185e+00
  1.71904860000000e+01   2.72645855742333e-02  -3.44503665184554e+00
  1.72666220000000e+01   8.18281090194306e-02  -3.63266533941441e+00
  1.75166220000000e+01  -1.12114030314001e+00  -3.87156275317089e+00
  1.75166220000000e+01  -1.12114030314001e+00  -3.87156275317089e+00
  1.75166220000000e+01  -1.12114030314001e+00  -3.87156275317089e+00
  1.77666220000000e+01  -2.20097995782087e+00  -3.29096443654496e+00
  1.78427580000000e+01  -2.11042648072925e+00  -3.23898900193560e+00
  1.79413600000000e+01  -1.99315273443068e+00  -3.17167680004224e+00
  1.82413600000000e+01  -1.62210223572362e+00  -3.02959908998897e+00
  1.83390480000000e+01  -1.52834508146548e+00  -3.03974839632709e+00
  1.86390480000000e+01  -1.22665080073104e+00  -3.11688376037287e+00
  1.87367360000000e+01  -1.14761714889555e+00  -3.19541079952189e+00
  1.90367360000000e+01  -8.93371669471658e-01  -3.47400275596433e+00
  1.91323310000000e+01  -8.25357172164959e-01  -3.61513438230474e+00
  1.91323310000000e+01  -8.25357172164959e-01  -3.61513438230474e+00
  1.91882110000000e+01  -7.85599338496897e-01  -3.69763278996102e+00
  1.92643470000000e+01  -7.31429645867128e-01  -3.81003613221797e+00
  1.95143470000000e+01  -1.70060274613933e+00  -3.65485171845734e+00
  1.95143470000000e+01  -1.70060274613933e+00  -3.65485171845734e+00
  1.95143470000000e+01  -1.70060274613933e+00  -3.65485171845734e+00
  1.97643470000000e+01  -2.40537769708260e+00  -2.97179349938249e+00
  1.98404830000000e+01  -2.27321012515650e+00  -2.92847102077710e+00
  1.99390850000000e+01  -2.10204291218159e+00  -2.87236506517859e+00
  2.02390850000000e+01  -1.55975096288957e+00  -2.73277568746201e+00
  2.03367730000000e+01  -1.40553325228381e+00  -2.73577699635843e+00
  2.06367730000000e+01  -9.17918299362658e-01  -2.76814345138288e+00
  2.07344610000000e+01  -7.72401605623373e-01  -2.82475708490256e+00
  2.10344610000000e+01  -3.19179598766401e-01  -3.01765435755095e+00
  2.11300560000000e+01  -1.80404417012485e-01  -3.12396508967306e+00
  2.11300560000000e+01  -1.80404417012485e-01  -3.12396508967306e+00
  2.11859360000000e+01  -9.92834676280113e-02  -3.18610896446759e+00
  2.12620720000000e+01   1.12431000587515e-02  -3.27077943782759e+00
  2.15120720000000e+01  -7.04467104441069e-01  -3.32875412459468e+00
  2.15120720000000e+01  -7.04467104441069e-01  -3.32875412459468e+00
  2.15120720000000e+01  -7.04467104441069e-01  -3.32875412459468e+00
  2.17620720000000e+01  -1.31621713097030e+00  -2.95130796719980e+00
  2.18382080000000e+01  -1.17508214941481e+00  -2.90784673713441e+00
  2.19368100000000e+01  -9.92301448414825e-01  -2.85156108767940e+00
  2.22368100000000e+01  -4.36339034051769e-01  -2.76467182202440e+00
  2.24121220000000e+01  -1.24766574608727e-01  -2.81721058320680e+00
  2.24841220000000e+01   3.19509989101716e-03  -2.83878806110411e+00
  2.26001220000000e+01   2.09355575473938e-01  -2.87355177549422e+00
  2.26001220000000e+01   2.09355575473938e-01  -2.87355177549422e+00
  2.26741220000000e+01   3.40871740932008e-01  -2.89572862777756e+00
  2.26741220000000e+01   3.40871740932008e-01  -2.89572862777756e+00
  2.27651220000000e+01   5.02601079535851e-01  -2.92300016234222e+00
  2.27651220000000e+01   5.02601079535851e-01  -2.92300016234222e+00
  2.28641220000000e+01   6.78548381972998e-01  -2.95266919445102e+00
  2.29361220000000e+01   8.06510056472742e-01  -2.97424667234832e+00
  2.31114340000000e+01   1.11808251591578e+00  -3.02678543353072e+00
  2.34114340000000e+01   1.64573093777194e+00  -3.20022363762603e+00
  2.35070290000000e+01   1.82818210048232e+00  -3.31326301534786e+00
  2.35070290000000e+01   1.82818210048232e+00  -3.31326301534786e+00
  2.35629090000000e+01   1.93483381837819e+00  -3.37934011589805e+00
  2.36390450000000e+01   2.08014582971892e+00  -3.46936957415663e+00
  2.38890450000000e+01   1.24623444651732e+00  -4.17049534272381e+00
  2.38890450000000e+01   1.24623444651732e+00  -4.17049534272381e+00
  2.38890450000000e+01   1.24623444651732e+00  -4.17049534272381e+00
  2.41390450000000e+01   1.61049159111004e-01  -4.26062163558779e+00
  2.42151810000000e+01   2.32266078070783e-01  -4.17050940710250e+00
  2.43137830000000e+01   3.24497488221987e-01  -4.05380711182685e+00
  2.46137830000000e+01   5.98074283404061e-01  -3.72149448302895e+00
  2.47114710000000e+01   6.91506763807449e-01  -3.66401032125299e+00
  2.50114710000000e+01   9.66310527414949e-01  -3.50204123844834e+00
  2.51091590000000e+01   1.06316113305929e+00  -3.49553233240293e+00
  2.54091590000000e+01   1.34327226601719e+00  -3.48465377567039e+00
  2.55047540000000e+01   1.44243160998297e+00  -3.52392829556992e+00
  2.55047540000000e+01   1.44243160998297e+00  -3.52392829556992e+00
  2.55606340000000e+01   1.50039514511355e+00  -3.54688619265643e+00
  2.56367700000000e+01   1.57936994308602e+00  -3.57816612201540e+00
  2.58867700000000e+01   7.45689366988255e-01  -3.89325578088755e+00
  2.58867700000000e+01   7.45689366988255e-01  -3.89325578088755e+00
  2.58867700000000e+01   7.45689366988255e-01  -3.89325578088755e+00
  2.61367700000000e+01  -1.29130066023770e-01  -3.72565705702081e+00
  2.62129060000000e+01  -6.23732193938989e-02  -3.61367363096950e+00
  2.63115080000000e+01   2.40820526377095e-02  -3.46864644572846e+00
  2.66115080000000e+01   2.84610392593305e-01  -3.03403096463890e+00
  2.67091960000000e+01   3.70725123167751e-01  -2.93324229849439e+00
  2.70091960000000e+01   6.27923290085969e-01  -2.62486956702973e+00
  2.71068840000000e+01   7.15502885503569e-01  -2.56054847861047e+00
  2.74068840000000e+01   9.72543220422723e-01  -2.36038200372789e+00
  2.75024790000000e+01   1.06045044491802e+00  -2.32871995988776e+00
  2.75024790000000e+01   1.06045044491802e+00  -2.32871995988776e+00
  2.75583590000000e+01   1.11183656035080e+00  -2.31021193112280e+00
  2.76344950000000e+01   1.18184968283811e+00  -2.28499490753566e+00
  2.78844950000000e+01   6.72482370539052e-01  -2.40804549583572e+00
  2.78844950000000e+01   6.72482370539052e-01  -2.40804549583572e+00
  2.78844950000000e+01   6.72482370539052e-01  -2.40804549583572e+00
  2.81344950000000e+01   1.82719183150649e-01  -2.22152585253972e+00
  2.82106310000000e+01   2.58522817831630e-01  -2.10488725226157e+00
  2.83092330000000e+01   3.56694379074854e-01  -1.95383125687665e+00
  2.86092330000000e+01   6.51324890469598e-01  -1.52593808214384e+00
  2.87845450000000e+01   8.29894825790163e-01  -1.33635609001590e+00
  2.88565450000000e+01   9.03232847962523e-01  -1.25849545621324e+00
  2.89725450000000e+01   1.02138855035132e+00  -1.13305332397562e+00
  2.89725450000000e+01   1.02138855035132e+00  -1.13305332397562e+00
  2.90465450000000e+01   1.09676373980625e+00  -1.05302989478955e+00
  2.90465450000000e+01   1.09676373980625e+00  -1.05302989478955e+00
  2.91375450000000e+01   1.18945485116298e+00  -9.54622704844519e-01
  2.91375450000000e+01   1.18945485116298e+00  -9.54622704844519e-01
  2.92365450000000e+01   1.29029463164998e+00  -8.47564333365860e-01
  2.93085450000000e+01   1.36363265382233e+00  -7.69703699563200e-01
  2.94838570000000e+01   1.54220258914290e+00  -5.80121707435255e-01
  2.97838570000000e+01   1.83470039359739e+00  -2.68085606992828e-01
  2.98794520000000e+01   1.93876126663438e+00  -1.90297992338632e-01
  2.98794520000000e+01   1.93876126663438e+00  -1.90297992338632e-01
  2.99353320000000e+01   1.99958998764810e+00  -1.44827288778022e-01
  3.00114680000000e+01   2.08246857574940e+00  -8.28738620369594e-02
  3.02614680000000e+01   2.19847251457388e+00  -5.39775644304047e-01
  3.02614680000000e+01   2.19847251457388e+00  -5.39775644304047e-01
  3.02614680000000e+01   2.19847251457388e+00  -5.39775644304047e-01
  3.05114680000000e+01   2.04115029850816e+00  -9.83686210425541e-01
  3.05876040000000e+01   2.04321269064623e+00  -9.17899163803418e-01
  3.06862060000000e+01   2.04588364774402e+00  -8.32699857679710e-01
  3.09862060000000e+01   2.02654382322674e+00  -5.62382292508278e-01
  3.10838940000000e+01   2.03320537945128e+00  -4.94581159228751e-01
  3.13838940000000e+01   2.02672897250485e+00  -2.73780583021093e-01
  3.14815820000000e+01   2.03699483102307e+00  -2.19853863548553e-01
  3.17815820000000e+01   2.04194078951167e+00  -4.06206921975745e-02
  3.18771770000000e+01   2.05518541160588e+00   6.37161966295325e-04
  3.18771770000000e+01   2.05518541160588e+00   6.37161966295325e-04
  3.19330570000000e+01   2.06292754751910e+00   2.47544159092531e-02
  3.20091930000000e+01   2.07347613842620e+00   5.76139586114905e-02
  3.22591930000000e+01   2.01043999765447e+00  -3.67015355161315e-01
  3.22591930000000e+01   2.01043999765447e+00  -3.67015355161315e-01
  3.22591930000000e+01   2.01043999765447e+00  -3.67015355161315e-01
  3.25091930000000e+01   1.74489057433217e+00  -7.03683178035485e-01
  3.25853290000000e+01   1.69516178060538e+00  -6.44649539030624e-01
  3.26839310000000e+01   1.63075915216353e+00  -5.68196417338423e-01
  3.29839310000000e+01   1.41542540047775e+00  -3.23005737976049e-01
  3.30816190000000e+01   1.35377808932616e+00  -2.60810678755820e-01
  3.33816190000000e+01   1.14882767887497e+00  -5.62989234115264e-02
  3.34793070000000e+01   1.08876753978261e+00  -5.51963149132081e-03
  3.37793070000000e+01   8.92180920751431e-01   1.64618801210519e-01
  3.38749020000000e+01   8.34501508237584e-01   2.04804726473615e-01
  3.38749020000000e+01   8.34501508237584e-01   2.04804726473615e-01
  3.39307820000000e+01   8.00785042195702e-01   2.28295385019583e-01
  3.40069180000000e+01   7.54846658899983e-01   2.60301197100038e-01
  3.42569180000000e+01   6.51740985656505e-01   1.71182294661175e-01
  3.42569180000000e+01   6.51740985656505e-01   1.71182294661175e-01
  3.42569180000000e+01   6.51740985656505e-01   1.71182294661175e-01
  3.45069180000000e+01   5.16808528811616e-01   1.54080609163426e-01
  3.45830540000000e+01   4.61452914325025e-01   2.07383778633341e-01
  3.46816560000000e+01   3.89763118438627e-01   2.76415499712365e-01
  3.49816560000000e+01   1.69536932634037e-01   4.87277157272865e-01
  3.51569680000000e+01   4.29972649620210e-02   5.86097779950206e-01
  3.52289680000000e+01  -8.97211575570016e-03   6.26683049827731e-01
  3.53449680000000e+01  -9.27005624675843e-02   6.92070429074853e-01
  3.53449680000000e+01  -9.27005624675843e-02   6.92070429074853e-01
  3.54189680000000e+01  -1.46113537094131e-01   7.33783067560087e-01
  3.54189680000000e+01  -1.46113537094131e-01   7.33783067560087e-01
  3.55099680000000e+01  -2.11797059945695e-01   7.85078339210847e-01
  3.55099680000000e+01  -2.11797059945695e-01   7.85078339210847e-01
  3.56089680000000e+01  -2.83254958432562e-01   8.40883085292442e-01
  3.56809680000000e+01  -3.35224339150283e-01   8.81468355169967e-01
  3.58562800000000e+01  -4.61764006822299e-01   9.80288977847308e-01
  3.61562800000000e+01  -6.73752360381472e-01   1.15682978033055e+00
  3.62518750000000e+01  -7.43843331392250e-01   1.20424660058482e+00
  3.62518750000000e+01  -7.43843331392250e-01   1.20424660058482e+00
  3.63077550000000e+01  -7.84814966520471e-01   1.23196407446744e+00
  3.63838910000000e+01  -8.40638452778921e-01   1.26972888462360e+00
  3.66338910000000e+01  -5.62285753858245e-01   1.56421527808291e+00
  3.66338910000000e+01  -5.62285753858245e-01   1.56421527808291e+00
  3.66338910000000e+01  -5.62285753858245e-01   1.56421527808291e+00
  3.68838910000000e+01  -1.68694558063354e-01   1.65787533523678e+00
  3.69600270000000e+01  -1.90403301567485e-01   1.63621004701140e+00
  3.70586290000000e+01  -2.18517800976363e-01   1.60815182554458e+00
  3.73586290000000e+01  -3.01015911275878e-01   1.54049856220383e+00
  3.74563170000000e+01  -3.29118051741509e-01   1.51183154727097e+00
  3.77563170000000e+01  -4.11181200032008e-01   1.44116903268312e+00
  3.78540050000000e+01  -4.39601815057973e-01   1.41107471487379e+00
  3.81540050000000e+01  -5.21486127578743e-01   1.33571186316435e+00
  3.82496000000000e+01  -5.49660233259444e-01   1.30432715398955e+00
  3.82496000000000e+01  -5.49660233259444e-01   1.30432715398955e+00
  3.83054800000000e+01  -5.66129389862170e-01   1.28598124103712e+00
  3.83816160000000e+01  -5.88568468371568e-01   1.26098509879398e+00
  3.86316160000000e+01  -3.37906638957994e-01   1.26388688356371e+00
  3.86316160000000e+01  -3.37906638957994e-01   1.26388688356371e+00
  3.86316160000000e+01  -3.37906638957994e-01   1.26388688356371e+00
  3.88816160000000e+01  -1.17438157008365e-01   1.14545710035514e+00
  3.89577520000000e+01  -1.48871214345257e-01   1.08429651616417e+00
  3.90563540000000e+01  -1.89579451178454e-01   1.00508883619153e+00
  3.93563540000000e+01  -3.10694393831599e-01   7.80623335065946e-01
  3.94540420000000e+01  -3.51227974612100e-01   6.97978103651420e-01
  3.97540420000000e+01  -4.71279808119557e-01   4.60155025668235e-01
  3.98517300000000e+01  -5.12095106146540e-01   3.71907573053892e-01
  4.01517300000000e+01  -6.31386433637472e-01   1.16364256369069e-01
  4.02473250000000e+01  -6.71657817990145e-01   2.31101824853928e-02
  4.02473250000000e+01  -6.71657817990145e-01   2.31101824853928e-02
  4.03032050000000e+01  -6.95198431595746e-01  -3.14014305552456e-02
  4.03793410000000e+01  -7.27272306997965e-01  -1.05673015567093e-01
  4.06293410000000e+01  -8.64997938849413e-01  -9.39505288155529e-02
  4.06293410000000e+01  -8.64997938849413e-01  -9.39505288155529e-02
  4.06293410000000e+01  -8.64997938849413e-01  -9.39505288155529e-02
  4.08793410000000e+01  -9.72348094045339e-01  -7.41936880140754e-03
  4.09554770000000e+01  -9.95450056261699e-01  -5.95792361048866e-02
  4.10540790000000e+01  -1.02536888150150e+00  -1.27130292580898e-01
  4.13540790000000e+01  -1.10831286901431e+00  -3.33562246865228e-01
  4.15293910000000e+01  -1.16322574903606e+00  -4.81737744899748e-01
  4.16013910000000e+01  -1.18577826889532e+00  -5.42592882360307e-01
  4.17173910000000e+01  -1.22211288422412e+00  -6.40637270491207e-01
  4.17173910000000e+01  -1.22211288422412e+00  -6.40637270491207e-01
  4.17913910000000e+01  -1.24529186296836e+00  -7.03182828436781e-01
  4.17913910000000e+01  -1.24529186296836e+00  -7.03182828436781e-01
  4.18823910000000e+01  -1.27379574223492e+00  -7.80096960504987e-01
  4.18823910000000e+01  -1.27379574223492e+00  -7.80096960504987e-01
  4.19813910000000e+01  -1.30480545704140e+00  -8.63772774513255e-01
  4.20533910000000e+01  -1.32735797690065e+00  -9.24627911973814e-01
  4.22287030000000e+01  -1.38227085692240e+00  -1.07280341000833e+00
  4.25287030000000e+01  -1.46541154619964e+00  -1.33366319741979e+00
  4.26242980000000e+01  -1.49646235782772e+00  -1.43653217799573e+00
  4.26242980000000e+01  -1.49646235782772e+00  -1.43653217799573e+00
  4.26801780000000e+01  -1.51461309116919e+00  -1.49666417898515e+00
  4.27563140000000e+01  -1.53934330293879e+00  -1.57859349228742e+00
  4.30063140000000e+01  -1.99776596698312e+00  -1.25909029941655e+00
  4.30063140000000e+01  -1.99776596698312e+00  -1.25909029941655e+00
  4.30063140000000e+01  -1.99776596698312e+00  -1.25909029941655e+00
  4.32563140000000e+01  -2.20605708911818e+00  -7.41296988837513e-01
  4.33324500000000e+01  -2.15676468783638e+00  -7.64531038187677e-01
  4.34310520000000e+01  -2.09292722131347e+00  -7.94620926466874e-01
  4.37310520000000e+01  -1.87826464379844e+00  -8.71997259265142e-01
  4.38287400000000e+01  -1.81562464670278e+00  -9.13064780361405e-01
  4.41287400000000e+01  -1.60589763172271e+00  -1.02494183314225e+00
  4.42264280000000e+01  -1.54367377415029e+00  -1.07751096502158e+00
  4.45264280000000e+01  -1.33816602786139e+00  -1.22468899631733e+00
  4.46220230000000e+01  -1.27753480704861e+00  -1.28779642914971e+00
  4.46220230000000e+01  -1.27753480704861e+00  -1.28779642914971e+00
  4.46779030000000e+01  -1.24209286323337e+00  -1.32468584121804e+00
  4.47540390000000e+01  -1.19380353191059e+00  -1.37494733508410e+00
  4.50040390000000e+01  -1.33837891906785e+00  -1.20350120218789e+00
  4.50040390000000e+01  -1.33837891906785e+00  -1.20350120218789e+00
  4.50040390000000e+01  -1.33837891906785e+00  -1.20350120218789e+00
  4.52540390000000e+01  -1.38389751946502e+00  -9.83772483725374e-01
  4.53301750000000e+01  -1.30606252168607e+00  -1.01963451367235e+00
  4.54287770000000e+01  -1.20526018834837e+00  -1.06607861208614e+00
  4.57287770000000e+01  -8.88181611867578e-01  -1.19295909813510e+00
  4.58264650000000e+01  -7.88396716489872e-01  -1.25053238376885e+00
  4.61264650000000e+01  -4.75744904675437e-01  -1.41291073620370e+00
  4.62241530000000e+01  -3.75941802258496e-01  -1.48251519444071e+00
  4.65241530000000e+01  -6.72454188767422e-02  -1.68187979349637e+00
  4.66197480000000e+01   3.04999473444967e-02  -1.76238373844851e+00
  4.66197480000000e+01   3.04999473444967e-02  -1.76238373844851e+00
  4.66756280000000e+01   8.76369426313090e-02  -1.80944227125802e+00
  4.67517640000000e+01   1.65485587462317e-01  -1.87355910114322e+00
  4.70017640000000e+01  -1.61626326736223e-01  -2.04392817033639e+00
  4.70017640000000e+01  -1.61626326736223e-01  -2.04392817033639e+00
  4.70017640000000e+01  -1.61626326736223e-01  -2.04392817033639e+00
  4.72517640000000e+01  -5.29341153573257e-01  -2.01333744364066e+00
  4.73279000000000e+01  -4.63526564572827e-01  -2.01787978657084e+00
  4.74265020000000e+01  -3.78291588942108e-01  -2.02376247147158e+00
  4.77265020000000e+01  -1.17109351022080e-01  -2.05082912975831e+00
  4.79018140000000e+01   3.44769793366575e-02  -2.10571702596581e+00
  4.79738140000000e+01   9.67329332122001e-02  -2.12825928506354e+00
  4.80898140000000e+01   1.97034192233907e-01  -2.16457736916543e+00
  4.80898140000000e+01   1.97034192233907e-01  -2.16457736916543e+00
  4.81638140000000e+01   2.61019478161548e-01  -2.18774580212698e+00
  4.81638140000000e+01   2.61019478161548e-01  -2.18774580212698e+00
  4.82548140000000e+01   3.39704086532026e-01  -2.21623671293105e+00
  4.82548140000000e+01   3.39704086532026e-01  -2.21623671293105e+00
  4.83538140000000e+01   4.25306023110897e-01  -2.24723231919042e+00
  4.84258140000000e+01   4.87561976986439e-01  -2.26977457828814e+00
  4.86011260000000e+01   6.39148307345177e-01  -2.32466247449565e+00
  4.89011260000000e+01   8.92892035354995e-01  -2.42887585545553e+00
  4.89967210000000e+01   9.75717404698160e-01  -2.48452217792113e+00
  4.89967210000000e+01   9.75717404698160e-01  -2.48452217792113e+00
  4.90526010000000e+01   1.02413292474519e+00  -2.51705020239289e+00
  4.91287370000000e+01   1.09009863759954e+00  -2.56136934468319e+00
  4.93787370000000e+01   5.02910420258813e-01  -2.85245988765746e+00
  4.93787370000000e+01   5.02910420258813e-01  -2.85245988765746e+00
  4.93787370000000e+01   5.02910420258813e-01  -2.85245988765746e+00
  4.96287370000000e+01  -1.48880580076829e-01  -2.79180745995818e+00
  4.97048730000000e+01  -1.02096663313145e-01  -2.73175354159345e+00
  4.98034750000000e+01  -4.15078779720078e-02  -2.65397907933383e+00
  5.01034750000000e+01   1.42442058319088e-01  -2.40398205894667e+00
  5.02011630000000e+01   2.02528826808914e-01  -2.34243994033148e+00
  5.05011630000000e+01   3.84457749790934e-01  -2.13968597540245e+00
  5.05988510000000e+01   4.44596015419813e-01  -2.09230733753125e+00
  5.08988510000000e+01   6.24559255703798e-01  -1.93275300808090e+00
  5.09944460000000e+01   6.83437867107524e-01  -1.89919287006807e+00
  5.09944460000000e+01   6.83437867107524e-01  -1.89919287006807e+00
  5.10503260000000e+01   7.17855324142308e-01  -1.87957531149119e+00
  5.11264620000000e+01   7.64748801393566e-01  -1.85284656346311e+00
  5.13764620000000e+01   4.54526530674982e-01  -1.87683421707175e+00
  5.13764620000000e+01   4.54526530674982e-01  -1.87683421707175e+00
  5.13764620000000e+01   4.54526530674982e-01  -1.87683421707175e+00
  5.16264620000000e+01   1.69318345414340e-01  -1.75290696040785e+00
  5.17025980000000e+01   2.23676261914523e-01  -1.68202592956902e+00
  5.18012000000000e+01   2.94073961856088e-01  -1.59022952047517e+00
  5.21011999999999e+01   5.04791749729023e-01  -1.29683568900040e+00
  5.21988879999999e+01   5.74571991994720e-01  -1.21703674385521e+00
  5.24988879999999e+01   7.83012992596664e-01  -9.57616431934781e-01
  5.25965759999999e+01   8.52787237049268e-01  -8.87616565146820e-01
  5.28965759999999e+01   1.05891290178765e+00  -6.58088439957578e-01
  5.29921709999999e+01   1.12713389311532e+00  -5.98043041822017e-01
  5.29921709999999e+01   1.12713389311532e+00  -5.98043041822017e-01
  5.30480509999999e+01   1.16701243273968e+00  -5.62943540301905e-01
  5.31241869999999e+01   1.22134658615486e+00  -5.15120783542147e-01
  5.33741869999999e+01   1.22817877054066e+00  -6.76124011362805e-01
  5.33741869999999e+01   1.22817877054066e+00  -6.76124011362805e-01
  5.33741869999999e+01   1.22817877054066e+00  -6.76124011362805e-01
  5.36241869999999e+01   1.15466148297219e+00  -8.20063688207764e-01
  5.37003229999999e+01   1.18506965174882e+00  -7.67153466142991e-01
  5.37989249999999e+01   1.22445057874411e+00  -6.98630642301039e-01
  5.40989249999999e+01   1.33533318239647e+00  -4.89715772808730e-01
  5.42742369999999e+01   1.40493114705804e+00  -3.92715736624880e-01
  5.43462369999999e+01   1.43351477770303e+00  -3.52878174990553e-01
  5.44622369999999e+01   1.47956618263106e+00  -2.88695436801914e-01
  5.44622369999999e+01   1.47956618263106e+00  -2.88695436801914e-01
  5.45362369999999e+01   1.50894380301618e+00  -2.47751276233299e-01
  5.45362369999999e+01   1.50894380301618e+00  -2.47751276233299e-01
  5.46272369999999e+01   1.54507033619248e+00  -1.97401024723247e-01
  5.46272369999999e+01   1.54507033619248e+00  -1.97401024723247e-01
  5.47262369999999e+01   1.58437282832933e+00  -1.42624377476046e-01
  5.47982369999999e+01   1.61295645897432e+00  -1.02786815841719e-01
  5.49735489999999e+01   1.68255442363590e+00  -5.78677965786838e-03
  5.52735489999999e+01   1.78963691617424e+00   1.63964454882773e-01
  5.53691439999999e+01   1.82721291304439e+00   2.06965995087553e-01
  5.53691439999999e+01   1.82721291304439e+00   2.06965995087553e-01
  5.54250239999999e+01   1.84917793951129e+00   2.32102519661464e-01
  5.55011599999999e+01   1.87910509153499e+00   2.66350809478202e-01
  5.57511599999999e+01   1.93901645749675e+00  -1.46867933743338e-01
  5.57511599999999e+01   1.93901645749675e+00  -1.46867933743338e-01
  5.57511599999999e+01   1.93901645749675e+00  -1.46867933743338e-01
  5.60011599999999e+01   1.78108409351723e+00  -5.32668246948367e-01
  5.60772959999999e+01   1.74624342802900e+00  -4.90277658781262e-01
  5.61758979999999e+01   1.70112207546950e+00  -4.35378573270427e-01
  5.64758979999999e+01   1.55036456008468e+00  -2.53848468946213e-01
  5.65735859999999e+01   1.50531276188228e+00  -2.06609201780598e-01
  5.68735859999999e+01   1.35526160081941e+00  -4.69128304721939e-02
  5.69712739999999e+01   1.30987121182021e+00  -6.05952958032274e-03
  5.72712739999999e+01   1.16050755181150e+00   1.34124578943312e-01
  5.73668689999999e+01   1.11577705085038e+00   1.68497324548089e-01
  5.73668689999999e+01   1.11577705085038e+00   1.68497324548089e-01
  5.74227489999999e+01   1.08962986330179e+00   1.88589892406187e-01
  5.74988849999999e+01   1.05400455422521e+00   2.15965836329669e-01
  5.77488849999999e+01   9.53633685801096e-01   7.71773852726834e-02
  5.77488849999999e+01   9.53633685801096e-01   7.71773852726834e-02
  5.77488849999999e+01   9.53633685801096e-01   7.71773852726834e-02
  5.79988849999999e+01   8.01493626354613e-01  -1.67115672999397e-04
  5.80750209999999e+01   7.50393900246377e-01   4.55642583355263e-02
  5.81736229999999e+01   6.84215808493142e-01   1.04789919520625e-01
  5.84736229999999e+01   4.78202576140406e-01   2.99646901630389e-01
  5.85713109999999e+01   4.12440062805798e-01   3.53039123401003e-01
  5.88713109999999e+01   2.07999275499956e-01   5.31794778477420e-01
  5.89689989999999e+01   1.42101048802489e-01   5.80669552556033e-01
  5.92689989999999e+01  -6.06435256256609e-02   7.45663539656506e-01
  5.93645939999999e+01  -1.25193276393562e-01   7.89745377203441e-01
  5.93645939999999e+01  -1.25193276393562e-01   7.89745377203441e-01
  5.94204739999999e+01  -1.62925794547339e-01   8.15513388941740e-01
  5.94966099999999e+01  -2.14336012910904e-01   8.50622074369570e-01
  5.97466099999999e+01  -1.18753314437186e-01   1.00109925105755e+00
  5.97466099999999e+01  -1.18753314437186e-01   1.00109925105755e+00
  5.97466099999999e+01  -1.18753314437186e-01   1.00109925105755e+00
  5.99966099999999e+01   3.91826952108234e-02   1.08303950552327e+00
  6.00727459999999e+01   6.32472404477126e-03   1.09776298477642e+00
  6.01713479999999e+01  -3.62288862435953e-02   1.11683102750678e+00
  6.04713479999999e+01  -1.65073620370239e-01   1.18387057802935e+00
  6.06466599999999e+01  -2.40704418840255e-01   1.21054782402718e+00
  6.07186599999999e+01  -2.71765712361755e-01   1.22150407181310e+00
  6.08346599999999e+01  -3.21808907479727e-01   1.23915580435706e+00
  6.08346599999999e+01  -3.21808907479727e-01   1.23915580435706e+00
  6.09086599999999e+01  -3.53733014710157e-01   1.25041639235925e+00
  6.09086599999999e+01  -3.53733014710157e-01   1.25041639235925e+00
  6.09996599999999e+01  -3.92991038466497e-01   1.26426387219978e+00
  6.09996599999999e+01  -3.92991038466497e-01   1.26426387219978e+00
  6.10986599999999e+01  -4.35700317058559e-01   1.27932871290541e+00
  6.11706599999999e+01  -4.66761610580059e-01   1.29028496069132e+00
  6.13459719999999e+01  -5.42392409050075e-01   1.31696220668915e+00
  6.16459719999999e+01  -6.67941985299381e-01   1.37239815285071e+00
  6.17415669999999e+01  -7.08932302019946e-01   1.38390219723711e+00
  6.17415669999999e+01  -7.08932302019946e-01   1.38390219723711e+00
  6.17974469999999e+01  -7.32893167110643e-01   1.39062687949363e+00
  6.18735829999999e+01  -7.65539631401003e-01   1.39978919889739e+00
  6.21235829999999e+01  -4.62741002320597e-01   1.55258137442545e+00
  6.21235829999999e+01  -4.62741002320597e-01   1.55258137442545e+00
  6.21235829999999e+01  -4.62741002320597e-01   1.55258137442545e+00
  6.23735829999999e+01  -1.24783042421877e-01   1.53501945145895e+00
  6.24497189999999e+01  -1.46953768717836e-01   1.49347520367580e+00
  6.25483209999999e+01  -1.75666571521165e-01   1.43967219432524e+00
  6.28483209999999e+01  -2.61430017282879e-01   1.29149731375534e+00
  6.29460089999999e+01  -2.89837187506564e-01   1.23652629814854e+00
  6.32460089999999e+01  -3.74658367119726e-01   1.08302622900853e+00
  6.33436969999999e+01  -4.02984735176379e-01   1.02581851736660e+00
  6.36436969999999e+01  -4.86763574980950e-01   8.65243137530122e-01
  6.37392919999999e+01  -5.14361150536092e-01   8.06508254486562e-01
  6.37392919999999e+01  -5.14361150536092e-01   8.06508254486562e-01
  6.37951719999999e+01  -5.30493296799195e-01   7.72174813778636e-01
  6.38713079999999e+01  -5.52473201736340e-01   7.25395808020966e-01
  6.41213079999999e+01  -4.69257247076632e-01   6.78367268064065e-01
  6.41213079999999e+01  -4.69257247076632e-01   6.78367268064065e-01
  6.41213079999999e+01  -4.69257247076632e-01   6.78367268064065e-01
  6.43713079999999e+01  -4.15388032281132e-01   6.00184332672184e-01
  6.44474439999999e+01  -4.46146767401655e-01   5.44075747602497e-01
  6.45460459999999e+01  -4.85981704886600e-01   4.71410796658905e-01
  6.48460459999999e+01  -6.03289606560008e-01   2.65028637427438e-01
  6.49437339999999e+01  -6.42590030671184e-01   1.88710258894404e-01
  6.52437339999999e+01  -7.58321886312378e-01  -3.11649555490707e-02
  6.53414219999999e+01  -7.97391544213436e-01  -1.12517114409767e-01
  6.56414219999999e+01  -9.11383013788897e-01  -3.48061894328810e-01
  6.57370169999999e+01  -9.49323348318678e-01  -4.33319096930135e-01
  6.57370169999999e+01  -9.49323348318678e-01  -4.33319096930135e-01
  6.57928969999999e+01  -9.71501348146328e-01  -4.83156143651847e-01
  6.58690329999999e+01  -1.00171867446841e+00  -5.51058673880986e-01
  6.61190329999999e+01  -1.22400709577056e+00  -4.57882762462452e-01
  6.61190329999999e+01  -1.22400709577056e+00  -4.57882762462452e-01
  6.61190329999999e+01  -1.22400709577056e+00  -4.57882762462452e-01
  6.63690329999999e+01  -1.37132738003886e+00  -2.67552074353376e-01
  6.64451689999999e+01  -1.37922455978693e+00  -3.06521545405676e-01
  6.65437709999999e+01  -1.38945201746160e+00  -3.56990020039213e-01
  6.68437709999999e+01  -1.41209261300091e+00  -5.07823212932894e-01
  6.70190829999999e+01  -1.42870756101949e+00  -6.16634490620512e-01
  6.70910829999999e+01  -1.43553125966727e+00  -6.61322886129710e-01
  6.72070829999999e+01  -1.44652499637756e+00  -7.33320856672306e-01
  6.72070829999999e+01  -1.44652499637756e+00  -7.33320856672306e-01
  6.72810829999999e+01  -1.45353824220999e+00  -7.79250596501204e-01
  6.72810829999999e+01  -1.45353824220999e+00  -7.79250596501204e-01
  6.73720829999999e+01  -1.46216263911204e+00  -8.35731763047551e-01
  6.73720829999999e+01  -1.46216263911204e+00  -8.35731763047551e-01
  6.74710829999999e+01  -1.47154522475272e+00  -8.97178306872698e-01
  6.75430829999999e+01  -1.47836892340049e+00  -9.41866702381896e-01
  6.77183949999999e+01  -1.49498387141907e+00  -1.05067798006951e+00
  6.80183949999999e+01  -1.51434790228918e+00  -1.23675017271451e+00
  6.81139899999999e+01  -1.52247508067373e+00  -1.30930381949216e+00
  6.81139899999999e+01  -1.52247508067373e+00  -1.30930381949216e+00
  6.81698699999999e+01  -1.52722581793121e+00  -1.35171501026506e+00
  6.82460059999999e+01  -1.53369865493615e+00  -1.40949987820860e+00
  6.84960059999999e+01  -1.84071341305099e+00  -1.14203529381543e+00
  6.84960059999999e+01  -1.84071341305099e+00  -1.14203529381543e+00
  6.84960059999999e+01  -1.84071341305099e+00  -1.14203529381543e+00
  6.87460059999999e+01  -1.98534543093152e+00  -7.62121349042963e-01
  6.88221419999999e+01  -1.94336587509499e+00  -7.86343288761630e-01
  6.89207439999999e+01  -1.88899910819635e+00  -8.17712571363026e-01
  6.92207439999999e+01  -1.71118771470952e+00  -8.99241630183792e-01
  6.93184319999999e+01  -1.65656132254870e+00  -9.37418597508973e-01
  6.96184319999999e+01  -1.47811814584399e+00  -1.04079438194859e+00
  6.97161199999999e+01  -1.42281257678478e+00  -1.08628601209229e+00
  7.00161199999999e+01  -1.24396976365795e+00  -1.21218531098520e+00
  7.01117149999999e+01  -1.18927200084894e+00  -1.26413447310727e+00
  7.01117149999999e+01  -1.18927200084894e+00  -1.26413447310727e+00
  7.01675949999999e+01  -1.15729845635636e+00  -1.29450132471438e+00
  7.02437309999999e+01  -1.11373478807635e+00  -1.33587588831421e+00
  7.04937309999999e+01  -1.23450035283441e+00  -1.20188317921491e+00
  7.04937309999999e+01  -1.23450035283441e+00  -1.20188317921491e+00
  7.04937309999999e+01  -1.23450035283441e+00  -1.20188317921491e+00
  7.07437309999999e+01  -1.28810653083769e+00  -1.02954332620974e+00
  7.08198669999999e+01  -1.22440856999190e+00  -1.05942259019468e+00
  7.09184689999999e+01  -1.14191479128910e+00  -1.09811854463729e+00
  7.12184689999999e+01  -8.84127291336342e-01  -1.20211353117666e+00
  7.13161569999999e+01  -8.01922434056982e-01  -1.24799997235840e+00
  7.16161569999999e+01  -5.44978903851493e-01  -1.37524070783589e+00
  7.17138449999999e+01  -4.62438462547792e-01  -1.42895248404225e+00
  7.20138449999999e+01  -2.06718502671174e-01  -1.58030015133740e+00
  7.21094399999999e+01  -1.25759543396530e-01  -1.64085248828534e+00
  7.21094399999999e+01  -1.25759543396530e-01  -1.64085248828534e+00
  7.21653200000000e+01  -7.84350322372946e-02  -1.67624832058464e+00
  7.22414560000000e+01  -1.39558092305026e-02  -1.72447482537954e+00
  7.24914560000000e+01  -2.50655237553401e-01  -1.82575685515736e+00
  7.24914560000000e+01  -2.50655237553401e-01  -1.82575685515736e+00
  7.24914560000000e+01  -2.50655237553401e-01  -1.82575685515736e+00
  7.27414560000000e+01  -5.07871751494514e-01  -1.80410996171923e+00
  7.28175920000000e+01  -4.49508433961198e-01  -1.81564505538094e+00
  7.29161940000000e+01  -3.73923430343724e-01  -1.83058389253068e+00
  7.32161940000000e+01  -1.42405198728347e-01  -1.87775090252178e+00
  7.33915060000000e+01  -7.61345597708927e-03  -1.93178469592547e+00
  7.34635060000000e+01   4.77450219256815e-02  -1.95397617811189e+00
  7.35795060000000e+01   1.36933680769034e-01  -1.98972912163446e+00
  7.35795060000000e+01   1.36933680769034e-01  -1.98972912163446e+00
  7.36535060000000e+01   1.93829894169104e-01  -2.01253703388162e+00
  7.36535060000000e+01   1.93829894169104e-01  -2.01253703388162e+00
  7.37445060000000e+01   2.63796859296217e-01  -2.04058460164502e+00
  7.37445060000000e+01   2.63796859296217e-01  -2.04058460164502e+00
  7.38435060000000e+01   3.39914766412527e-01  -2.07109788965135e+00
  7.39155060000000e+01   3.95273244315298e-01  -2.09328937183777e+00
  7.40908180000000e+01   5.30064987066556e-01  -2.14732316524147e+00
  7.43908180000000e+01   7.57087237473466e-01  -2.24235903620453e+00
  7.44864130000000e+01   8.30173859897037e-01  -2.28785902665375e+00
  7.44864130000000e+01   8.30173859897037e-01  -2.28785902665375e+00
  7.45422930000000e+01   8.72896601264568e-01  -2.31445601882177e+00
  7.46184290000000e+01   9.31105954105626e-01  -2.35069418266759e+00
  7.48684290000000e+01   4.81606138079939e-01  -2.59126415633235e+00
  7.48684290000000e+01   4.81606138079939e-01  -2.59126415633235e+00
  7.48684290000000e+01   4.81606138079939e-01  -2.59126415633235e+00
  7.51184290000000e+01  -2.75444294639104e-02  -2.59301898068460e+00
  7.51945650000000e+01   1.28529764029650e-02  -2.55797919648133e+00
  7.52931670000000e+01   6.51707369010953e-02  -2.51259996980786e+00
  7.55931670000000e+01   2.23502115421422e-01  -2.36142155890590e+00
  7.56908550000000e+01   2.75318197397789e-01  -2.32645598956150e+00
  7.59908550000000e+01   4.32290060646684e-01  -2.20580076550431e+00
  7.60885430000000e+01   4.83994969485085e-01  -2.18028991603221e+00
  7.63885430000000e+01   6.39352399485445e-01  -2.08853531558653e+00
  7.64841380000000e+01   6.89747194389815e-01  -2.07239609599589e+00
  7.64841380000000e+01   6.89747194389815e-01  -2.07239609599589e+00
  7.65400180000000e+01   7.19205441570694e-01  -2.06296192484964e+00
  7.66161540000000e+01   7.59342039769754e-01  -2.05010795107745e+00
  7.68661540000000e+01   4.59399580881514e-01  -2.10172763391118e+00
  7.68661540000000e+01   4.59399580881514e-01  -2.10172763391118e+00
  7.68661540000000e+01   4.59399580881514e-01  -2.10172763391118e+00
  7.71161540000000e+01   1.64012760905665e-01  -2.03068844401217e+00
  7.71922900000000e+01   2.05513013328434e-01  -1.98099530680159e+00
  7.72908920000000e+01   2.59259045289529e-01  -1.91663885630198e+00
  7.75908920000000e+01   4.20745042567066e-01  -1.70729718141277e+00
  7.76885800000000e+01   4.73880593120301e-01  -1.65175526734655e+00
  7.79885800000000e+01   6.33730989686931e-01  -1.46751480698187e+00
  7.80862680000000e+01   6.86653159103399e-01  -1.41954875901495e+00
  7.83862680000000e+01   8.44593770366008e-01  -1.25846064049862e+00
  7.84818630000000e+01   8.96073670915801e-01  -1.21838924537816e+00
  7.84818630000000e+01   8.96073670915801e-01  -1.21838924537816e+00
  7.85377430000000e+01   9.26166215951864e-01  -1.19496553535848e+00
  7.86138790000000e+01   9.67167039303075e-01  -1.16305094004606e+00
  7.88638790000000e+01   7.96581258941322e-01  -1.25413713805555e+00
  7.88638790000000e+01   7.96581258941322e-01  -1.25413713805555e+00
  7.88638790000000e+01   7.96581258941322e-01  -1.25413713805555e+00
  7.91138790000000e+01   6.02484821741785e-01  -1.25620785991800e+00
  7.91900150000000e+01   6.36471993410819e-01  -1.19770420998389e+00
  7.92886170000000e+01   6.80488005558949e-01  -1.12193746506949e+00
  7.95886170000000e+01   8.10338220343829e-01  -8.89196944753977e-01
  7.97639290000000e+01   8.87579689636231e-01  -7.74110496283500e-01
  7.98359290000000e+01   9.19302479799215e-01  -7.26844910984864e-01
  7.99519290000000e+01   9.70411419506244e-01  -6.50694801337062e-01
  7.99519290000000e+01   9.70411419506244e-01  -6.50694801337062e-01
  8.00259290000000e+01   1.00301539828487e+00  -6.02116283113465e-01
  8.00259290000000e+01   1.00301539828487e+00  -6.02116283113465e-01
  8.01169290000000e+01   1.04310948029641e+00  -5.42377835027689e-01
  8.01169290000000e+01   1.04310948029641e+00  -5.42377835027689e-01
  8.02159290000000e+01   1.08672831677052e+00  -4.77387655242065e-01
  8.12659290000000e+01   1.54935233998069e+00   2.11902130363037e-01
  8.13659290000000e+01   1.59341177076261e+00   2.77548776611142e-01
  8.13659290000000e+01   1.59341177076261e+00   2.77548776611142e-01
  8.13659290000000e+01   1.59341177076261e+00   2.77548776611142e-01
  8.14659290000000e+01   1.63747120154454e+00   3.43195422859247e-01
  8.17159290000000e+01   1.74761977849934e+00   5.07312038479510e-01
  8.19659290000000e+01   2.21037137657995e+00   5.66896161305542e-01
  8.24659290000000e+01   3.89973837341183e+00   4.69490660310883e-01
  8.27159290000000e+01   4.04420815004160e+00   5.00661187445857e-01
  8.39139290000000e+01   1.34117516169061e+00   1.04083913539567e+00
  8.40139290000000e+01   1.11554636466632e+00   1.08592911435642e+00
  8.40139290000000e+01   1.11554636466632e+00   1.08592911435642e+00
  8.40139290000000e+01   1.11554636466632e+00   1.08592911435642e+00
  8.41139290000000e+01   8.89917567642030e-01   1.13101909331717e+00
  8.41829290000000e+01   7.34233697695270e-01   1.16213117880009e+00
  8.42514290000000e+01   5.79677971733631e-01   1.19301781438821e+00
  8.42514290000000e+01   5.79677971733631e-01   1.19301781438821e+00
  8.43199290000000e+01   4.25122245771992e-01   1.22390444997632e+00
  8.43639290000000e+01   3.25845575081305e-01   1.24374404071905e+00
  8.46139290000000e+01  -2.15796733100210e-01   1.16047876228941e+00
  8.51139290000000e+01  -1.31157385941624e+00   6.10787470327263e-01
  8.53639290000000e+01  -1.61735068208021e+00   4.22829190367575e-01
  8.54839290000000e+01  -1.63975406363717e+00   3.69414828567632e-01
  8.55999290000000e+01  -1.66141066580890e+00   3.17780945494354e-01
  8.55999290000000e+01  -1.66141066580890e+00   3.17780945494354e-01
  8.56739290000000e+01  -1.67522608443570e+00   2.84842089051055e-01
  8.56739290000000e+01  -1.67522608443570e+00   2.84842089051055e-01
  8.57649290000000e+01  -1.69221531544973e+00   2.44336198019432e-01
  8.57649290000000e+01  -1.69221531544973e+00   2.44336198019432e-01
  8.58639290000000e+01  -1.71069810523422e+00   2.00269349534479e-01
  8.59359290000000e+01  -1.72414013416840e+00   1.68220732454513e-01
  8.59880260000000e+01  -1.73386637557651e+00   1.45031332398750e-01
  8.63116700000000e+01  -1.79428904241502e+00   9.71018145576715e-04
  8.64111870000000e+01  -1.81286835343505e+00  -4.33259572147976e-02
  8.67348310000000e+01  -1.87329102027357e+00  -1.87386271467971e-01
  8.67869280000000e+01  -1.88301726168167e+00  -2.10575671523734e-01
  8.68589280000000e+01  -1.89645929061585e+00  -2.42624288603700e-01
  8.69529280000000e+01  -1.91400860616881e+00  -2.84465538680322e-01
  8.69529280000000e+01  -1.91400860616881e+00  -2.84465538680322e-01
  8.69529280000000e+01  -1.91400860616881e+00  -2.84465538680322e-01
  8.70439280000000e+01  -1.93099783718284e+00  -3.24971429711945e-01
  8.70439280000000e+01  -1.93099783718284e+00  -3.24971429711945e-01
  8.71429280000000e+01  -1.94948062696733e+00  -3.69038278196898e-01
  8.72489280000000e+01  -1.96927028067598e+00  -4.16220964453515e-01
  8.73489280000000e+01  -1.98793976530678e+00  -4.60732932620134e-01
  8.73489280000000e+01  -1.98793976530678e+00  -4.60732932620134e-01
  8.73489280000000e+01  -1.98793976530678e+00  -4.60732932620134e-01
  8.74489280000000e+01  -2.00660924993758e+00  -5.05244900786753e-01
  8.76989280000000e+01  -2.05328296151459e+00  -6.16524821203301e-01
  8.79489280000000e+01  -2.38428474163060e+00  -6.41352009378643e-01
  8.88351400000000e+01  -4.61774885933401e+00  -4.19096708974833e-01
  8.90851400000000e+01  -4.61352348129213e+00  -4.10787048603033e-01
  8.99551400000000e+01  -2.39223853922305e+00  -5.69569012326269e-01
  9.00551400000000e+01  -2.13691843093925e+00  -5.87819812754228e-01
  9.00551400000000e+01  -2.13691843093925e+00  -5.87819812754228e-01
  9.00551400000000e+01  -2.13691843093925e+00  -5.87819812754228e-01
  9.01551400000000e+01  -1.88159832265545e+00  -6.06070613182186e-01
  9.02241400000000e+01  -1.70542744793963e+00  -6.18663665477477e-01
  9.02926400000000e+01  -1.53053317376522e+00  -6.31165463770628e-01
  9.02926400000000e+01  -1.53053317376522e+00  -6.31165463770628e-01
  9.03611400000000e+01  -1.35563889959082e+00  -6.43667262063780e-01
  9.04051400000000e+01  -1.24329805194595e+00  -6.51697614252081e-01
  9.06551400000000e+01  -7.46312825112145e-01  -6.11796568124942e-01
  9.17413520000000e+01   8.95455238999548e-01  -7.46482377698056e-02
  9.19913520000000e+01   1.13759217345179e+00   4.52267092300516e-02
  9.24513520000000e+01   1.31334800738683e+00   2.68630251167562e-01
  9.25673520000000e+01   1.35766904377045e+00   3.24966796525717e-01
  9.25673520000000e+01   1.35766904377045e+00   3.24966796525717e-01
  9.26413520000000e+01   1.38594280836000e+00   3.60905627185229e-01
  9.26413520000000e+01   1.38594280836000e+00   3.60905627185229e-01
  9.27323520000000e+01   1.42071189724714e+00   4.05100675698954e-01
  9.27323520000000e+01   1.42071189724714e+00   4.05100675698954e-01
  9.28313520000000e+01   1.45853760933316e+00   4.53181003202897e-01
  9.36104610000000e+01   1.75621793981424e+00   8.31562981801575e-01
  9.37104610000000e+01   1.79442572980012e+00   8.80128969179294e-01
  9.37104610000000e+01   1.79442572980012e+00   8.80128969179294e-01
  9.37104610000000e+01   1.79442572980012e+00   8.80128969179294e-01
  9.38104610000000e+01   1.83263351978599e+00   9.28694956557014e-01
  9.40604610000000e+01   1.92815299475069e+00   1.05010992500131e+00
  9.43104610000000e+01   2.25065645700749e+00   1.04936518967209e+00
  9.48104610000000e+01   3.37387388644255e+00   8.03665890944590e-01
  9.50604610000000e+01   3.55211601503257e+00   7.66214570476989e-01
  9.57604610000000e+01   2.95954916256772e+00   8.96537015276823e-01
  9.58178650000000e+01   2.91095529456931e+00   9.07224200450093e-01
  9.60074420000000e+01   2.75047380001255e+00   9.42518683475548e-01
  9.63074420000000e+01   2.49433470448269e+00   9.93982775616579e-01
  9.64051300000000e+01   2.41021410721041e+00   1.00931963652717e+00
  9.67051300000000e+01   2.14998426931343e+00   1.05227193580681e+00
  9.68037320000000e+01   2.06382670198831e+00   1.06502801660691e+00
  9.70017170000000e+01   1.89082913635206e+00   1.09064121570235e+00
  9.71003190000000e+01   1.80467156902694e+00   1.10339729650245e+00
  9.74003190000000e+01   1.54114979005154e+00   1.13840620465255e+00
  9.74980070000000e+01   1.45488427499791e+00   1.14856146642876e+00
  9.77980070000000e+01   1.18887540759958e+00   1.17610634795571e+00
  9.79875840000000e+01   1.02007809658249e+00   1.19118768949973e+00
  9.80449880000000e+01   9.68966195657673e-01   1.19575432643349e+00
  9.80449880000000e+01   9.68966195657673e-01   1.19575432643349e+00
  9.87855300000000e+01   3.09595605896183e-01   1.25466636127785e+00
  9.88855300000000e+01   2.20556687136478e-01   1.26262162037785e+00
  9.89855300000000e+01   1.31517768376774e-01   1.27057687947786e+00
  9.89855300000000e+01   1.31517768376774e-01   1.27057687947786e+00
  9.89855300000000e+01   1.31517768376774e-01   1.27057687947786e+00
  9.90855300000000e+01   4.24788496170695e-02   1.27853213857786e+00
  9.91545300000000e+01  -1.89580043271266e-02   1.28402126735687e+00
  9.92230300000000e+01  -7.99496636775241e-02   1.28947061984037e+00
  9.92230300000000e+01  -7.99496636775241e-02   1.28947061984037e+00
  9.92915300000000e+01  -1.40941323027922e-01   1.29491997232387e+00
  9.93355300000000e+01  -1.80118447282191e-01   1.29842028632788e+00
  9.95855300000000e+01  -4.32270705292944e-01   1.18166593215844e+00
  1.00085530000000e+02  -1.01393164972308e+00   6.83257755762434e-01
  1.00335530000000e+02  -1.18235886551835e+00   4.99965445704729e-01
  1.00750936000000e+02  -1.24850018332862e+00   2.93912273936548e-01
  1.00866936000000e+02  -1.26696980790311e+00   2.36372980028639e-01
  1.00866936000000e+02  -1.26696980790311e+00   2.36372980028639e-01
  1.00940936000000e+02  -1.27875215461442e+00   1.99666878742558e-01
  1.00940936000000e+02  -1.27875215461442e+00   1.99666878742558e-01
  1.01031936000000e+02  -1.29324125665131e+00   1.54528294728595e-01
  1.01031936000000e+02  -1.29324125665131e+00   1.54528294728595e-01
  1.01130936000000e+02  -1.30900412590023e+00   1.05421483548569e-01
  1.01188340000000e+02  -1.31814404253018e+00   7.69474695184858e-02
  1.01377917000000e+02  -1.34832866337465e+00  -1.70881056640983e-02
  1.01677917000000e+02  -1.39487042789268e+00  -1.74184168550324e-01
  1.01775605000000e+02  -1.40966769394671e+00  -2.28138177356899e-01
  1.02075605000000e+02  -1.45383913077648e+00  -4.02939153474199e-01
  1.02174207000000e+02  -1.46797942168454e+00  -4.63496110011087e-01
  1.02372192000000e+02  -1.49637200495297e+00  -5.85089678498093e-01
  1.02470794000000e+02  -1.51051229586104e+00  -6.45646635034981e-01
  1.02770794000000e+02  -1.55218859598182e+00  -8.40605568597500e-01
  1.02868482000000e+02  -1.56535808670804e+00  -9.07700555580854e-01
  1.03168482000000e+02  -1.60441648823672e+00  -1.12548450089394e+00
  1.03358059000000e+02  -1.62829034377013e+00  -1.27078171131384e+00
  1.03415463000000e+02  -1.63551935785433e+00  -1.31477777131556e+00
  1.03509463000000e+02  -1.64735698805283e+00  -1.38682204767541e+00
  1.03509463000000e+02  -1.64735698805283e+00  -1.38682204767541e+00
  1.03509463000000e+02  -1.64735698805283e+00  -1.38682204767541e+00
  1.03600463000000e+02  -1.65881682154286e+00  -1.45656703861951e+00
  1.03600463000000e+02  -1.65881682154286e+00  -1.45656703861951e+00
  1.03699463000000e+02  -1.67128411292213e+00  -1.53244345733893e+00
  1.03798263000000e+02  -1.68372621785417e+00  -1.60816659036396e+00
  1.03858263000000e+02  -1.68290290342597e+00  -1.65415229867876e+00
  1.03918263000000e+02  -1.66532210980379e+00  -1.70013800699356e+00
  1.03978263000000e+02  -1.63098919226766e+00  -1.74612371530836e+00
  1.04038263000000e+02  -1.57991460895687e+00  -1.79210942362316e+00
  1.04098263000000e+02  -1.51211391768426e+00  -1.83809513193795e+00
  1.04348263000000e+02  -1.20441250140364e+00  -2.01800763588207e+00
  1.04408263000000e+02  -1.14034590081505e+00  -2.05810520932127e+00
  1.04468263000000e+02  -1.09217679048525e+00  -2.09820278276048e+00
  1.04528263000000e+02  -1.05991984319187e+00  -2.13830035619968e+00
  1.04588263000000e+02  -1.04358488471354e+00  -2.17839792963889e+00
  1.04648263000000e+02  -1.04317689083684e+00  -2.21849550307810e+00
  1.04739665000000e+02  -1.05468734908581e+00  -2.27957880986960e+00
  1.04806861000000e+02  -1.06314949162643e+00  -2.32448541894995e+00
  1.04898263000000e+02  -1.07465994987540e+00  -2.38556872574145e+00
  1.04958263000000e+02  -1.09017424985684e+00  -2.42566629918066e+00
  1.05018263000000e+02  -1.12160132286799e+00  -2.46576387261987e+00
  1.05078263000000e+02  -1.16893159591794e+00  -2.50586144605907e+00
  1.05138263000000e+02  -1.23215065174704e+00  -2.54595901949828e+00
  1.05198263000000e+02  -1.31123923321846e+00  -2.58605659293749e+00
  1.05448263000000e+02  -1.68214728791799e+00  -2.73667640511107e+00
  1.05508263000000e+02  -1.76535052722735e+00  -2.76864635029803e+00
  1.05568263000000e+02  -1.83177117299783e+00  -2.80061629548500e+00
  1.05628263000000e+02  -1.88138899285730e+00  -2.83258624067197e+00
  1.05688263000000e+02  -1.91418887273715e+00  -2.86455618585893e+00
  1.05748263000000e+02  -1.93016082147626e+00  -2.89652613104590e+00
  1.05808263000000e+02  -1.93771675564551e+00  -2.92849607623287e+00
  1.05958597000000e+02  -1.95664865243552e+00  -3.00859890522849e+00
  1.06058597000000e+02  -1.96924187605094e+00  -3.06188214720677e+00
  1.06337263000000e+02  -2.00433490857110e+00  -3.21036442629796e+00
  1.06437263000000e+02  -2.01692813218652e+00  -3.26364766827624e+00
  1.06473263000000e+02  -2.02146169268808e+00  -3.28282963538842e+00
  1.06573263000000e+02  -2.03405491630350e+00  -3.33611287736669e+00
  1.06573263000000e+02  -2.03405491630350e+00  -3.33611287736669e+00
  1.06573263000000e+02  -2.03405491630350e+00  -3.33611287736669e+00
  1.06673263000000e+02  -2.04664813991892e+00  -3.38939611934497e+00
  1.06923263000000e+02  -2.07813119895748e+00  -3.52260422429067e+00
  1.07173263000000e+02  -2.05719130919959e+00  -3.74721264230807e+00
  1.07220763000000e+02  -2.04328821203040e+00  -3.80761629405116e+00
  1.07593763000000e+02  -1.93411231215446e+00  -4.28194391721270e+00
  1.07593763000000e+02  -1.93411231215446e+00  -4.28194391721270e+00
  1.07711113000000e+02  -1.89976434472700e+00  -4.43117272841379e+00
  1.07961113000000e+02  -1.99650854898377e+00  -4.34429136815907e+00
  1.08096631000000e+02  -2.14258799184457e+00  -4.07919975045836e+00
  1.08375297000000e+02  -2.44297151303176e+00  -3.53409119854508e+00
  1.08375297000000e+02  -2.44297151303176e+00  -3.53409119854508e+00
  1.08511113000000e+02  -2.58937218018728e+00  -3.26841665236201e+00
  1.08611113000000e+02  -2.69716556767883e+00  -3.07280306767163e+00
  1.08611113000000e+02  -2.69716556767883e+00  -3.07280306767163e+00
  1.08611113000000e+02  -2.69716556767883e+00  -3.07280306767163e+00
  1.08711113000000e+02  -2.80495895517038e+00  -2.87718948298126e+00
  1.08780113000000e+02  -2.87933639253955e+00  -2.74221610954490e+00
  1.08848613000000e+02  -2.95317486297126e+00  -2.60822080403199e+00
  1.08848613000000e+02  -2.95317486297126e+00  -2.60822080403199e+00
  1.08917113000000e+02  -3.02701333340297e+00  -2.47422549851908e+00
  1.08961113000000e+02  -3.07444242389925e+00  -2.38815552125532e+00
  1.09211113000000e+02  -2.79511808260644e+00  -2.31581107302468e+00
  1.09461113000000e+02  -1.98377733955957e+00  -2.65575177300018e+00
  1.09711113000000e+02  -1.44044831372638e+00  -2.57774431408883e+00
  1.09831113000000e+02  -1.29508115305320e+00  -2.34164626661234e+00
  1.09906113000000e+02  -1.20422667763247e+00  -2.19408498693953e+00
  1.10022113000000e+02  -1.06370508898173e+00  -1.96585687437892e+00
  1.10022113000000e+02  -1.06370508898173e+00  -1.96585687437892e+00
  1.10096113000000e+02  -9.74062006566602e-01  -1.82026307843509e+00
  1.10096113000000e+02  -9.74062006566602e-01  -1.82026307843509e+00
  1.10187113000000e+02  -8.63825243056109e-01  -1.64122205909875e+00
  1.10187113000000e+02  -8.63825243056109e-01  -1.64122205909875e+00
  1.10286113000000e+02  -7.43897335500737e-01  -1.44644116993065e+00
  1.10358113000000e+02  -6.56677039096831e-01  -1.30478234144475e+00
  1.11286113000000e+02   4.67495670109076e-01   5.21042559040104e-01
  1.11286113000000e+02   4.67495670109076e-01   5.21042559040104e-01
  1.12214113000000e+02   1.59166837931498e+00   2.34686745952496e+00
  1.12286113000000e+02   1.67888867571889e+00   2.48852628801085e+00
  1.12402113000000e+02   1.81941026436963e+00   2.71675440057146e+00
  1.12402113000000e+02   1.81941026436963e+00   2.71675440057146e+00
  1.12476113000000e+02   1.90905334678475e+00   2.86234819651530e+00
  1.12476113000000e+02   1.90905334678475e+00   2.86234819651530e+00
  1.12567113000000e+02   2.01929011029525e+00   3.04138921585163e+00
  1.12567113000000e+02   2.01929011029525e+00   3.04138921585163e+00
  1.12666113000000e+02   2.13921801785062e+00   3.23617010501974e+00
  1.12741113000000e+02   2.23007249327135e+00   3.38373138469255e+00
  1.12861113000000e+02   2.37543965394453e+00   3.61982943216904e+00
  1.13111113000000e+02   2.97959097502492e+00   3.66898499308773e+00
  1.13211113000000e+02   3.35134733684881e+00   3.51077766562943e+00
  1.13311113000000e+02   3.72310369867270e+00   3.35257033817113e+00
  1.13311113000000e+02   3.72310369867270e+00   3.35257033817113e+00
  1.13311113000000e+02   3.72310369867270e+00   3.35257033817113e+00
  1.13411113000000e+02   4.09486006049659e+00   3.19436301071284e+00
  1.13511113000000e+02   4.46661642232048e+00   3.03615568325454e+00
  1.13761113000000e+02   4.70901599131120e+00   3.07918997458448e+00
  1.13859113000000e+02   4.53004836016773e+00   3.26879292422293e+00
  1.13933113000000e+02   4.39490953665124e+00   3.41196249843973e+00
  1.14033113000000e+02   4.21228950487219e+00   3.60543489602999e+00
  1.14463113000000e+02   3.42702336822229e+00   4.43736620566811e+00
  1.14463113000000e+02   3.42702336822229e+00   4.43736620566811e+00
  1.14563113000000e+02   3.24440333644324e+00   4.63083860325837e+00
  1.14613113000000e+02   3.15309332055372e+00   4.72757480205350e+00
  1.14711113000000e+02   2.97412568941025e+00   4.91717775169196e+00
  1.14961113000000e+02   2.75983926185525e+00   4.97702948548784e+00
  1.15048963000000e+02   2.76754873801666e+00   4.84853416909239e+00
  1.15148963000000e+02   2.77632446500744e+00   4.70226744581925e+00
  1.15148963000000e+02   2.77632446500744e+00   4.70226744581925e+00
  1.15148963000000e+02   2.77632446500744e+00   4.70226744581925e+00
  1.15248963000000e+02   2.78510019199823e+00   4.55600072254612e+00
  1.15317963000000e+02   2.79115544362187e+00   4.45507668348765e+00
  1.15386463000000e+02   2.79716681661056e+00   4.35488397804556e+00
  1.15386463000000e+02   2.79716681661056e+00   4.35488397804556e+00
  1.15454963000000e+02   2.80317818959925e+00   4.25469127260346e+00
  1.15498963000000e+02   2.80703950947519e+00   4.19033391436328e+00
  1.15748963000000e+02   2.74725711826702e+00   3.94399645650111e+00
  1.16028963000000e+02   2.58942801941850e+00   3.79906284608194e+00
  1.16458963000000e+02   2.34704761761541e+00   3.57648623008108e+00
  1.16558963000000e+02   2.29068008231237e+00   3.52472422635994e+00
  1.16743963000000e+02   2.18640014200174e+00   3.42896451947585e+00
  1.16803963000000e+02   2.15414770787581e+00   3.39790731724317e+00
  1.16863963000000e+02   2.12503783821122e+00   3.36685011501049e+00
  1.16923963000000e+02   2.09907940015625e+00   3.33579291277782e+00
  1.16983963000000e+02   2.07628030090262e+00   3.30473571054514e+00
  1.17043963000000e+02   2.05664748527680e+00   3.27367850831246e+00
  1.17293963000000e+02   1.99453427411110e+00   3.12344519368332e+00
  1.17353963000000e+02   1.98047014353864e+00   3.08261980594284e+00
  1.17413963000000e+02   1.96200400385436e+00   3.04179441820236e+00
  1.17473963000000e+02   1.93914148002330e+00   3.00096903046189e+00
  1.17533963000000e+02   1.91188953619168e+00   2.96014364272141e+00
  1.17593963000000e+02   1.88025647356560e+00   2.91931825498094e+00
  1.17693963000000e+02   1.82388893826255e+00   2.85127594208014e+00
  1.17943963000000e+02   1.68297010000494e+00   2.68117015982816e+00
  1.18003963000000e+02   1.64699560199198e+00   2.64034477208768e+00
  1.18063963000000e+02   1.60672067444299e+00   2.59951938434721e+00
  1.18123963000000e+02   1.56215758549105e+00   2.55869399660673e+00
  1.18183963000000e+02   1.51331990948477e+00   2.51786860886626e+00
  1.18243963000000e+02   1.46022252285334e+00   2.47704322112578e+00
  1.18493963000000e+02   1.23942148336594e+00   2.29117761017190e+00
  1.18553963000000e+02   1.19003498114299e+00   2.24307131498114e+00
  1.18613963000000e+02   1.14408472145751e+00   2.19496501979038e+00
  1.18673963000000e+02   1.10158470120373e+00   2.14685872459962e+00
  1.18733963000000e+02   1.06254786629952e+00   2.09875242940886e+00
  1.18793963000000e+02   1.02698610774296e+00   2.05064613421810e+00
  1.18809493000000e+02   1.01823222951040e+00   2.03819462147955e+00
  1.18925493000000e+02   9.52845888558866e-01   1.94518911744408e+00
  1.18925493000000e+02   9.52845888558866e-01   1.94518911744408e+00
  1.18999493000000e+02   9.11133912434614e-01   1.88585802004214e+00
  1.18999493000000e+02   9.11133912434614e-01   1.88585802004214e+00
  1.19090493000000e+02   8.59839455308844e-01   1.81289680566949e+00
  1.19090493000000e+02   8.59839455308844e-01   1.81289680566949e+00
  1.19090493000000e+02   8.59839455308844e-01   1.81289680566949e+00
  1.19189493000000e+02   8.04035595358831e-01   1.73352141860473e+00
  1.19256689000000e+02   7.66158866336598e-01   1.67964557507743e+00
  1.19326283000000e+02   7.26930443817798e-01   1.62384708328566e+00
  1.19383687000000e+02   6.94573223852439e-01   1.57782218713349e+00
  1.19573264000000e+02   5.87713341450988e-01   1.42582473507717e+00
  1.19873264000000e+02   4.18029133123310e-01   1.18137185376499e+00
  1.19970952000000e+02   3.62600510993913e-01   1.10025850325371e+00
  1.20270952000000e+02   1.92066795899983e-01   8.45503951238677e-01
  1.20369554000000e+02   1.35918838106909e-01   7.59664519766216e-01
  1.20567539000000e+02   2.31781896042249e-02   5.87305745704073e-01
  1.20666141000000e+02  -3.29697681888486e-02   5.01466314231611e-01
  1.20966141000000e+02  -2.03642125433076e-01   2.31454548550961e-01
  1.21063829000000e+02  -2.59178181279650e-01   1.40388972489408e-01
  1.21363829000000e+02  -4.29301048076949e-01  -1.50063262664148e-01
  1.21553406000000e+02  -5.36577153932699e-01  -3.40959004537339e-01
  1.21610810000000e+02  -5.69060406545323e-01  -3.98762320163648e-01
  1.21704810000000e+02  -6.22252270275841e-01  -4.93416206110149e-01
  1.21704810000000e+02  -6.22252270275841e-01  -4.93416206110149e-01
  1.21704810000000e+02  -6.22252270275841e-01  -4.93416206110149e-01
  1.21795810000000e+02  -6.73746521334109e-01  -5.85049223356231e-01
  1.21795810000000e+02  -6.73746521334109e-01  -5.85049223356231e-01
  1.21894810000000e+02  -7.29767739518378e-01  -6.84737890470100e-01
  1.21895862000000e+02  -7.30363035695447e-01  -6.85797208427714e-01
  1.21994633000000e+02  -7.86254669445734e-01  -7.85255282564117e-01
  1.22342228000000e+02  -9.82948561716047e-01  -1.13526823453831e+00
  1.22411824000000e+02  -1.02233091222870e+00  -1.20534836056313e+00
  1.22479020000000e+02  -1.06035517260355e+00  -1.27301179162761e+00
  1.22626260000000e+02  -1.14367400255761e+00  -1.42127602744424e+00
  1.22726260000000e+02  -1.20026109163263e+00  -1.52197165079158e+00
  1.22726260000000e+02  -1.20026109163263e+00  -1.52197165079158e+00
  1.22726260000000e+02  -1.20026109163263e+00  -1.52197165079158e+00
  1.22826260000000e+02  -1.25684818070764e+00  -1.62266727413892e+00
  1.23076260000000e+02  -1.39831590339519e+00  -1.87440633250728e+00
  1.23326260000000e+02  -1.33548587462878e+00  -2.41570764738649e+00
  1.23373260000000e+02  -1.28584511781912e+00  -2.57677965818457e+00
  1.23463260000000e+02  -1.19078834946020e+00  -2.88521542354260e+00
  1.23563260000000e+02  -1.08516971795029e+00  -3.22792182949596e+00
  1.23603260000000e+02  -1.04292226534633e+00  -3.36500439187730e+00
  1.23701260000000e+02  -9.39416006466619e-01  -3.70085666971160e+00
  1.23951260000000e+02  -6.57867144687237e-01  -4.64009314483455e+00
  1.24251260000000e+02  -3.01341430629144e-01  -5.87388044553519e+00
  1.24351260000000e+02  -1.82499525943114e-01  -6.28514287910207e+00
  1.24351260000000e+02  -1.82499525943114e-01  -6.28514287910207e+00
  1.24351260000000e+02  -1.82499525943114e-01  -6.28514287910207e+00
  1.24451260000000e+02  -6.36576212570829e-02  -6.69640531266895e+00
  1.24520260000000e+02   1.83432929762783e-02  -6.98017639183010e+00
  1.24588760000000e+02   9.97499976862094e-02  -7.26189115882341e+00
  1.24588760000000e+02   9.97499976862094e-02  -7.26189115882341e+00
  1.24657260000000e+02   1.81156702396140e-01  -7.54360592581672e+00
  1.24701260000000e+02   2.33447140457994e-01  -7.72456139658615e+00
  1.24951260000000e+02   5.97830999300806e-01  -7.24076594439722e+00
  1.25201260000000e+02   1.05300659779068e+00  -5.27645155585198e+00
  1.25451260000000e+02   1.26854068260187e+00  -4.28605403695297e+00
  1.25596260000000e+02   1.24597208488719e+00  -4.23777895792971e+00
  1.25696260000000e+02   1.23040753473914e+00  -4.20448579998263e+00
  1.25696260000000e+02   1.23040753473914e+00  -4.20448579998263e+00
  1.25696260000000e+02   1.23040753473914e+00  -4.20448579998263e+00
  1.25796260000000e+02   1.21484298459109e+00  -4.17119264203555e+00
  1.25888915000000e+02   1.20042165065141e+00  -4.14034486653969e+00
  1.26004915000000e+02   1.18236677247966e+00  -4.10172480332108e+00
  1.26004915000000e+02   1.18236677247966e+00  -4.10172480332108e+00
  1.26078915000000e+02   1.17084900537010e+00  -4.07708786644024e+00
  1.26078915000000e+02   1.17084900537010e+00  -4.07708786644024e+00
  1.26169915000000e+02   1.15668526473538e+00  -4.04679109270840e+00
  1.26169915000000e+02   1.15668526473538e+00  -4.04679109270840e+00
  1.26169915000000e+02   1.15668526473538e+00  -4.04679109270840e+00
  1.26268915000000e+02   1.14127636008880e+00  -4.01383086634079e+00
  1.26343915000000e+02   1.12960294747776e+00  -3.98886099788048e+00
  1.26486155000000e+02   1.10746393134717e+00  -3.94150481001656e+00
  1.26486155000000e+02   1.10746393134717e+00  -3.94150481001656e+00
  1.26590220000000e+02   1.08471475495118e+00  -3.86884847475943e+00
  1.26694285000000e+02   1.02763103333156e+00  -3.79619213950231e+00
  1.26798350000000e+02   9.36564706614381e-01  -3.72353580424518e+00
  1.26902415000000e+02   8.12077228986465e-01  -3.65087946898806e+00
  1.27006480000000e+02   6.54936107143679e-01  -3.57822313373093e+00
  1.27110545000000e+02   4.66110168356910e-01  -3.50556679847381e+00
  1.27214610000000e+02   2.46763587329776e-01  -3.43291046321668e+00
  1.27318675000000e+02  -1.75129132555285e-03  -3.36025412795956e+00
  1.27422740000000e+02  -2.77902290742582e-01  -3.28759779270243e+00
  1.27526805000000e+02  -5.79986848180381e-01  -3.21494145744530e+00
  1.28156805000000e+02  -2.51745781389410e+00  -2.58739602185593e+00
  1.28156805000000e+02  -2.51745781389410e+00  -2.58739602185593e+00
  1.28156805000000e+02  -2.51745781389410e+00  -2.58739602185593e+00
  1.28736805000000e+02  -4.30116124264642e+00  -2.00965577956730e+00
  1.28836805000000e+02  -4.60869631656923e+00  -1.91004539296581e+00
  1.28836805000000e+02  -4.60869631656923e+00  -1.91004539296581e+00
  1.28836805000000e+02  -4.60869631656923e+00  -1.91004539296581e+00
  1.28936805000000e+02  -4.91623139049205e+00  -1.81043500636432e+00
  1.29086805000000e+02  -5.37753400137627e+00  -1.66101942646209e+00
  1.29336805000000e+02  -5.23147956995670e+00  -1.66264343998483e+00
  1.29476805000000e+02  -4.64202017121226e+00  -1.80388970565844e+00
  1.29626805000000e+02  -4.01045652970036e+00  -1.95522499030875e+00
  1.29764736000000e+02  -3.42970849878452e+00  -2.09438383795609e+00
  1.29806805000000e+02  -3.25258015988609e+00  -2.13682733188911e+00
  1.29806805000000e+02  -3.25258015988609e+00  -2.13682733188911e+00
  1.29848874000000e+02  -3.07545182098766e+00  -2.17927082582214e+00
  1.29936805000000e+02  -2.70522500390911e+00  -2.26798457858604e+00
  1.30186805000000e+02  -1.83374847103171e+00  -2.35737854972362e+00
  1.30590028000000e+02  -6.84879609183460e-01  -2.23562354327912e+00
  1.30694093000000e+02  -4.06990863883007e-01  -2.18264146249330e+00
  1.30798158000000e+02  -1.54239802623606e-01  -2.12965938170748e+00
  1.30902223000000e+02   7.18152802538221e-02  -2.07667730092166e+00
  1.31006288000000e+02   2.69780679992395e-01  -2.02369522013584e+00
  1.31110353000000e+02   4.38435874072549e-01  -1.97071313935002e+00
  1.31214418000000e+02   5.76741047139236e-01  -1.91773105856420e+00
  1.31318483000000e+02   6.83843501809364e-01  -1.86474897777838e+00
  1.31422548000000e+02   7.59082915834711e-01  -1.81176689699256e+00
  1.31526613000000e+02   8.01995413208167e-01  -1.75878481620674e+00
  1.31630678000000e+02   8.12316424113570e-01  -1.70580273542092e+00
  1.31778860000000e+02   8.14909166124149e-01  -1.60693601544326e+00
  1.32015678000000e+02   8.19052773157806e-01  -1.44893154194669e+00
  1.32015678000000e+02   8.19052773157806e-01  -1.44893154194669e+00
  1.32252496000000e+02   8.23196380191463e-01  -1.29092706845012e+00
  1.32252496000000e+02   8.23196380191463e-01  -1.29092706845012e+00
  1.32400678000000e+02   8.25789122202042e-01  -1.19206034847246e+00
  1.32504743000000e+02   8.19194279612441e-01  -1.11113279208593e+00
  1.32608808000000e+02   7.79901913824201e-01  -1.03020523569940e+00
  1.32712873000000e+02   7.08154275338446e-01  -9.49277679312865e-01
  1.32816938000000e+02   6.04393712204950e-01  -8.68350122926333e-01
  1.32921003000000e+02   4.69259942799320e-01  -7.87422566539800e-01
  1.33025068000000e+02   3.03586111746481e-01  -7.06495010153268e-01
  1.33129133000000e+02   1.08393653307011e-01  -6.25567453766736e-01
  1.33233198000000e+02  -1.15114006104730e-01  -5.44639897380203e-01
  1.33337263000000e+02  -3.65558867444630e-01  -4.63712340993671e-01
  1.33441328000000e+02  -6.41396854861162e-01  -3.82784784607139e-01
  1.33844551000000e+02  -1.78120656908695e+00  -5.49099000649772e-02
  1.34094551000000e+02  -2.64290911973402e+00   1.46067457349109e-01
  1.34182482000000e+02  -3.00814976298005e+00   2.14297756186165e-01
  1.34224551000000e+02  -3.18289255699714e+00   2.46941311266581e-01
  1.34224551000000e+02  -3.18289255699714e+00   2.46941311266581e-01
  1.34266620000000e+02  -3.35763535101423e+00   2.79584866346997e-01
  1.34404551000000e+02  -3.93056193166915e+00   3.86612801306157e-01
  1.34554551000000e+02  -4.55361974389583e+00   5.03005709672470e-01
  1.34694551000000e+02  -5.13514036864073e+00   6.11639090814363e-01
  1.34944551000000e+02  -5.28334818371549e+00   9.14605996076242e-01
  1.35094551000000e+02  -4.83306394396629e+00   1.17106115096843e+00
  1.35194551000000e+02  -4.53287445080015e+00   1.34203125422990e+00
  1.35194551000000e+02  -4.53287445080015e+00   1.34203125422990e+00
  1.35194551000000e+02  -4.53287445080015e+00   1.34203125422990e+00
  1.35294551000000e+02  -4.23268495763401e+00   1.51300135749136e+00
  1.35874551000000e+02  -2.49158589727043e+00   2.50462795640783e+00
  1.35874551000000e+02  -2.49158589727043e+00   2.50462795640783e+00
  1.35874551000000e+02  -2.49158589727043e+00   2.50462795640783e+00
  1.36504551000000e+02  -6.00392090323784e-01   3.58173960695504e+00
  1.36608616000000e+02  -3.06077527755313e-01   3.72511922188630e+00
  1.36712681000000e+02  -3.75228135022102e-02   3.86849883681756e+00
  1.36816746000000e+02   2.03616323318649e-01   4.01187845174882e+00
  1.36920811000000e+02   4.15853179741863e-01   4.15525806668008e+00
  1.37024876000000e+02   5.97879244971668e-01   4.29863768161133e+00
  1.37128941000000e+02   7.48572267786113e-01   4.44201729654259e+00
  1.37233006000000e+02   8.67003175589031e-01   4.58539691147385e+00
  1.37337071000000e+02   9.52441802451543e-01   4.72877652640511e+00
  1.37441136000000e+02   1.00436139082782e+00   4.87215614133637e+00
  1.37545201000000e+02   1.02244183919050e+00   5.01553575626763e+00
  1.37545201000000e+02   1.02244183919050e+00   5.01553575626763e+00
  1.37687441000000e+02   1.03743082233229e+00   5.14540233456325e+00
  1.37762441000000e+02   1.04533418099113e+00   5.21387810349022e+00
  1.37878441000000e+02   1.05755804238348e+00   5.31978729276392e+00
  1.37878441000000e+02   1.05755804238348e+00   5.31978729276392e+00
  1.37952441000000e+02   1.06535602292687e+00   5.38735005143853e+00
  1.37952441000000e+02   1.06535602292687e+00   5.38735005143853e+00
  1.38043441000000e+02   1.07494543143293e+00   5.47043398440325e+00
  1.38043441000000e+02   1.07494543143293e+00   5.47043398440325e+00
  1.38043441000000e+02   1.07494543143293e+00   5.47043398440325e+00
  1.38142441000000e+02   1.08537786486261e+00   5.56082199938685e+00
  1.38235201000000e+02   1.09515273885187e+00   5.64551283039572e+00
  1.38335201000000e+02   1.10569055039699e+00   5.73681385563167e+00
  1.38335201000000e+02   1.10569055039699e+00   5.73681385563167e+00
  1.38335201000000e+02   1.10569055039699e+00   5.73681385563167e+00
  1.38435201000000e+02   1.11622836194212e+00   5.82811488086763e+00
  1.38580201000000e+02   1.13150818868255e+00   5.96050136745976e+00
  1.38830201000000e+02   1.26643586056066e+00   5.63694199251943e+00
  1.39030201000000e+02   1.46461592857737e+00   4.94469940458279e+00
  1.39280201000000e+02   1.52276947358594e+00   4.66781735485671e+00
  1.40905201000000e+02   6.52653470865615e-01   6.61861763633755e+00
  1.41005201000000e+02   5.99107870698210e-01   6.73866688442868e+00
  1.41005201000000e+02   5.99107870698210e-01   6.73866688442868e+00
  1.41005201000000e+02   5.99107870698210e-01   6.73866688442868e+00
  1.41105201000000e+02   5.45562270530805e-01   6.85871613251981e+00
  1.41174201000000e+02   5.08615806415296e-01   6.94155011370269e+00
  1.41242701000000e+02   4.71937070300624e-01   7.02378384864511e+00
  1.41242701000000e+02   4.71937070300624e-01   7.02378384864511e+00
  1.41311201000000e+02   4.35258334185951e-01   7.10601758358753e+00
  1.41355201000000e+02   4.11698270112293e-01   7.15883925274763e+00
  1.41605201000000e+02   3.04784354581609e-01   6.94902879744714e+00
  1.42805201000000e+02  -9.12603936911694e-02   3.51825676729340e+00
  1.42805201000000e+02  -9.12603936911694e-02   3.51825676729340e+00
  1.43805201000000e+02  -4.21297683918485e-01   6.59280075498628e-01
  1.44055201000000e+02  -4.84909036886840e-01  -3.76163659999952e-02
  1.46003606000000e+02  -8.26253217429052e-01  -5.40739550177226e+00
  1.46103606000000e+02  -8.43772376974537e-01  -5.68299421640152e+00
  1.46103606000000e+02  -8.43772376974537e-01  -5.68299421640152e+00
  1.46103606000000e+02  -8.43772376974537e-01  -5.68299421640152e+00
  1.46203606000000e+02  -8.61291536520022e-01  -5.95859293103078e+00
  1.46272606000000e+02  -8.73379756606407e-01  -6.14875604412497e+00
  1.46341106000000e+02  -8.85380380895065e-01  -6.33754116364602e+00
  1.46341106000000e+02  -8.85380380895065e-01  -6.33754116364602e+00
  1.46409606000000e+02  -8.97381005183722e-01  -6.52632628316706e+00
  1.46453606000000e+02  -9.05089435383736e-01  -6.64758971760394e+00
  1.46703606000000e+02  -1.06294014670338e+00  -6.51617746056436e+00
  1.47203606000000e+02  -1.61953198509353e+00  -4.62332615419071e+00
  1.47453606000000e+02  -1.74989333055414e+00  -4.05992894306149e+00
  1.47514406000000e+02  -1.74468867019783e+00  -4.01206129112856e+00
  1.47581602000000e+02  -1.73893649326850e+00  -3.95915808817978e+00
  1.47697602000000e+02  -1.72900654916763e+00  -3.86783164699194e+00
  1.47697602000000e+02  -1.72900654916763e+00  -3.86783164699194e+00
  1.47771602000000e+02  -1.72267192965501e+00  -3.80957167588936e+00
  1.47771602000000e+02  -1.72267192965501e+00  -3.80957167588936e+00
  1.47862602000000e+02  -1.71488205971381e+00  -3.73792765737131e+00
  1.47862602000000e+02  -1.71488205971381e+00  -3.73792765737131e+00
  1.47862602000000e+02  -1.71488205971381e+00  -3.73792765737131e+00
  1.47961602000000e+02  -1.70640736604152e+00  -3.65998526359893e+00
  1.48031209000000e+02  -1.70044880036023e+00  -3.60518388780788e+00
  1.48088613000000e+02  -1.69553484767777e+00  -3.55998989617041e+00
  1.48278190000000e+02  -1.67930649411906e+00  -3.41073651047156e+00
  1.48578190000000e+02  -1.65200151870152e+00  -3.20106802618862e+00
  1.48675878000000e+02  -1.64253124689565e+00  -3.14107681169338e+00
  1.48975878000000e+02  -1.61187103490610e+00  -2.98214891595008e+00
  1.49074480000000e+02  -1.60121963996526e+00  -2.93789523438905e+00
  1.49272465000000e+02  -1.57983248324062e+00  -2.84903734972280e+00
  1.49371067000000e+02  -1.56918108829978e+00  -2.80478366816177e+00
  1.49671067000000e+02  -1.53528424036908e+00  -2.69388691549472e+00
  1.49768755000000e+02  -1.52369885403604e+00  -2.66520050535539e+00
  1.50068755000000e+02  -1.48668324235744e+00  -2.60024680665303e+00
  1.50258332000000e+02  -1.46225669768656e+00  -2.57326900129098e+00
  1.50315736000000e+02  -1.45486032908548e+00  -2.56510010981679e+00
  1.50409736000000e+02  -1.44274865309598e+00  -2.55172341483779e+00
  1.50409736000000e+02  -1.44274865309598e+00  -2.55172341483779e+00
  1.50409736000000e+02  -1.44274865309598e+00  -2.55172341483779e+00
  1.50500736000000e+02  -1.43102351995720e+00  -2.53877363565600e+00
  1.50500736000000e+02  -1.43102351995720e+00  -2.53877363565600e+00
  1.50599736000000e+02  -1.41826760588315e+00  -2.52468541434834e+00
  1.50600788000000e+02  -1.41813205819016e+00  -2.52453570920878e+00
  1.50672788000000e+02  -1.40885502977267e+00  -2.51428973007594e+00
  1.50847769000000e+02  -1.38630914491820e+00  -2.48938901237254e+00
  1.51147769000000e+02  -1.34765485984532e+00  -2.44669743265235e+00
  1.51322750000000e+02  -1.32510897499085e+00  -2.42179671494895e+00
  1.51394750000000e+02  -1.31583194657336e+00  -2.41155073581610e+00
  1.51572250000000e+02  -1.29296149457190e+00  -2.38629155114832e+00
  1.51672250000000e+02  -1.28007673288094e+00  -2.37206102457492e+00
  1.51672250000000e+02  -1.28007673288094e+00  -2.37206102457492e+00
  1.51672250000000e+02  -1.28007673288094e+00  -2.37206102457492e+00
  1.51772250000000e+02  -1.26719197118998e+00  -2.35783049800153e+00
  1.52022250000000e+02  -1.23498006696257e+00  -2.32225418156803e+00
  1.52272250000000e+02  -1.12742402210832e+00  -2.42889720997719e+00
  1.52894655000000e+02  -6.77619958441489e-01  -3.05371192665311e+00
  1.53144655000000e+02  -5.55564717725527e-01  -3.02309128935004e+00
  1.53694655000000e+02  -4.07699561714094e-01  -2.33841863087882e+00
  1.53794655000000e+02  -3.80814987893834e-01  -2.21393269297497e+00
  1.53794655000000e+02  -3.80814987893834e-01  -2.21393269297497e+00
  1.53794655000000e+02  -3.80814987893834e-01  -2.21393269297497e+00
  1.53894655000000e+02  -3.53930414073574e-01  -2.08944675507111e+00
  1.53963655000000e+02  -3.35380058137594e-01  -2.00355145791745e+00
  1.54032155000000e+02  -3.16964125070716e-01  -1.91827859045331e+00
  1.54032155000000e+02  -3.16964125070716e-01  -1.91827859045331e+00
  1.54100655000000e+02  -2.98548192003837e-01  -1.83300572298916e+00
  1.54144655000000e+02  -2.86718979522923e-01  -1.77823191031147e+00
  1.54394655000000e+02  -1.95244418004577e-01  -1.61926691127654e+00
  1.54919655000000e+02   4.18948035342297e-02  -1.59499548594283e+00
  1.54919655000000e+02   4.18948035342297e-02  -1.59499548594283e+00
  1.55119655000000e+02   1.32233554596632e-01  -1.58574922867285e+00
  1.55444655000000e+02   2.79034025073036e-01  -1.57072406060912e+00
  1.55694655000000e+02   4.30685384956726e-01  -1.38082490545307e+00
  1.56044155000000e+02   7.05344233876226e-01  -8.76548448349493e-01
  1.56044155000000e+02   7.05344233876226e-01  -8.76548448349493e-01
  1.56393655000000e+02   9.80003082795727e-01  -3.72271991245913e-01
  1.56493655000000e+02   1.05858930566254e+00  -2.27986881917277e-01
  1.56493655000000e+02   1.05858930566254e+00  -2.27986881917277e-01
  1.56493655000000e+02   1.05858930566254e+00  -2.27986881917277e-01
  1.56593655000000e+02   1.13717552852935e+00  -8.37017725886421e-02
  1.56662655000000e+02   1.19140002230745e+00   1.58549528481164e-02
  1.56731155000000e+02   1.24523158497121e+00   1.14690252738232e-01
  1.56731155000000e+02   1.24523158497121e+00   1.14690252738232e-01
  1.56799655000000e+02   1.29906314763498e+00   2.13525552628347e-01
  1.56843655000000e+02   1.33364108569637e+00   2.77011000732946e-01
  1.57093655000000e+02   1.28942217773381e+00   7.10762584275014e-01
  1.57343655000000e+02   1.00713732799074e+00   1.24246635066164e+00
  1.57593655000000e+02   9.13743224597540e-01   1.50184891902987e+00
  1.57713655000000e+02   9.56617693190481e-01   1.48749719194007e+00
  1.57829655000000e+02   9.98063012830324e-01   1.47362385575327e+00
  1.57829655000000e+02   9.98063012830324e-01   1.47362385575327e+00
  1.57903655000000e+02   1.02450226846264e+00   1.46477362404789e+00
  1.57903655000000e+02   1.02450226846264e+00   1.46477362404789e+00
  1.57994655000000e+02   1.05701540714562e+00   1.45389023100480e+00
  1.57994655000000e+02   1.05701540714562e+00   1.45389023100480e+00
  1.58093655000000e+02   1.09238684373479e+00   1.44205005615571e+00
