environment
  tabular_data
    tabular_data_file 'dakota.dat'

method
  conmin_frcg
    max_iterations=30
    convergence_tolerance=1e-4

model
  single

variables
  continuous_design = 120
    initial_point -1.183402e-06   1.434617e-05  -2.130102e-05  -2.644667e-06   4.488981e-05   2.902359e-05  -5.644984e-06   1.708160e-05  -3.921724e-05   3.043854e-05   9.627985e-06   8.453905e-06  -3.173335e-05  -1.667864e-05  -3.509283e-05   3.699784e-05   1.925666e-08  -2.354860e-05   2.141769e-05  -4.263231e-05   1.395572e-05  -8.885571e-07   1.195717e-05  -9.084920e-06  -1.470528e-05   3.833512e-05   4.597916e-05  -1.327854e-05   1.361089e-05   3.801412e-05   2.841777e-05   7.552280e-07   3.028411e-05  -3.802745e-05   7.223443e-06   1.947847e-05  -1.424213e-05   4.640362e-05  -4.383780e-05   6.095012e-06  -8.443788e-06   2.023097e-05  -4.250894e-06  -3.789867e-07   4.176234e-06   1.833089e-05   4.138527e-06  -2.792122e-05   1.220984e-05  -1.476129e-05  -4.959798e-05  -1.280535e-05  -5.516812e-06  -2.973281e-05  -2.170580e-05  -1.456457e-05   3.084907e-05  -9.789356e-06  -3.675087e-05   8.699516e-06  -1.775797e-05   2.683639e-05   3.848917e-05  -4.440503e-05   3.163373e-05  -3.293294e-05  -1.767143e-05  -3.998724e-05  -1.153445e-06   3.280603e-05   3.335092e-05  -4.330604e-06   3.336564e-05  -3.487118e-05   2.107926e-06   3.771298e-06  -1.075785e-05   1.004000e-05  -4.401904e-05  -1.371481e-05   3.433765e-05  -3.318660e-05  -1.391169e-06  -2.462335e-05  -2.030796e-05   3.171953e-05  -2.423897e-05   6.464819e-08  -1.082211e-05   4.391892e-05   2.325566e-05  -4.825595e-05   3.206473e-05  -6.066096e-06  -4.865580e-05  -1.883712e-05  -1.089818e-05  -2.861988e-05  -1.807102e-05   4.874966e-05  -4.697935e-05  -9.586034e-06  -4.458231e-05  -1.596734e-06   2.971442e-05   2.870857e-05   2.998787e-05  -4.895559e-05  -1.490791e-05   1.637175e-05   1.160415e-05  -1.311704e-05  -2.642665e-05  -3.146355e-05   2.746281e-05   3.735909e-05   4.493177e-05   4.395392e-05  -2.539858e-05  -3.817020e-05
    lower_bounds  -1.000000e-02  -1.000000e-02  -1.000000e-02  -1.000000e-02  -1.000000e-02  -1.000000e-02  -1.000000e-02  -1.000000e-02  -1.000000e-02  -1.000000e-02  -1.000000e-02  -1.000000e-02  -1.000000e-02  -1.000000e-02  -1.000000e-02  -1.000000e-02  -1.000000e-02  -1.000000e-02  -1.000000e-02  -1.000000e-02  -1.000000e-02  -1.000000e-02  -1.000000e-02  -1.000000e-02  -1.000000e-02  -1.000000e-02  -1.000000e-02  -1.000000e-02  -1.000000e-02  -1.000000e-02  -1.000000e-02  -1.000000e-02  -1.000000e-02  -1.000000e-02  -1.000000e-02  -1.000000e-02  -1.000000e-02  -1.000000e-02  -1.000000e-02  -1.000000e-02  -1.000000e-02  -1.000000e-02  -1.000000e-02  -1.000000e-02  -1.000000e-02  -1.000000e-02  -1.000000e-02  -1.000000e-02  -1.000000e-02  -1.000000e-02  -1.000000e-02  -1.000000e-02  -1.000000e-02  -1.000000e-02  -1.000000e-02  -1.000000e-02  -1.000000e-02  -1.000000e-02  -1.000000e-02  -1.000000e-02  -1.000000e-02  -1.000000e-02  -1.000000e-02  -1.000000e-02  -1.000000e-02  -1.000000e-02  -1.000000e-02  -1.000000e-02  -1.000000e-02  -1.000000e-02  -1.000000e-02  -1.000000e-02  -1.000000e-02  -1.000000e-02  -1.000000e-02  -1.000000e-02  -1.000000e-02  -1.000000e-02  -1.000000e-02  -1.000000e-02  -1.000000e-02  -1.000000e-02  -1.000000e-02  -1.000000e-02  -1.000000e-02  -1.000000e-02  -1.000000e-02  -1.000000e-02  -1.000000e-02  -1.000000e-02  -1.000000e-02  -1.000000e-02  -1.000000e-02  -1.000000e-02  -1.000000e-02  -1.000000e-02  -1.000000e-02  -1.000000e-02  -1.000000e-02  -1.000000e-02  -1.000000e-02  -1.000000e-02  -1.000000e-02  -1.000000e-02  -1.000000e-02  -1.000000e-02  -1.000000e-02  -1.000000e-02  -1.000000e-02  -1.000000e-02  -1.000000e-02  -1.000000e-02  -1.000000e-02  -1.000000e-02  -1.000000e-02  -1.000000e-02  -1.000000e-02  -1.000000e-02  -1.000000e-02  -1.000000e-02
    upper_bounds   1.000000e-02   1.000000e-02   1.000000e-02   1.000000e-02   1.000000e-02   1.000000e-02   1.000000e-02   1.000000e-02   1.000000e-02   1.000000e-02   1.000000e-02   1.000000e-02   1.000000e-02   1.000000e-02   1.000000e-02   1.000000e-02   1.000000e-02   1.000000e-02   1.000000e-02   1.000000e-02   1.000000e-02   1.000000e-02   1.000000e-02   1.000000e-02   1.000000e-02   1.000000e-02   1.000000e-02   1.000000e-02   1.000000e-02   1.000000e-02   1.000000e-02   1.000000e-02   1.000000e-02   1.000000e-02   1.000000e-02   1.000000e-02   1.000000e-02   1.000000e-02   1.000000e-02   1.000000e-02   1.000000e-02   1.000000e-02   1.000000e-02   1.000000e-02   1.000000e-02   1.000000e-02   1.000000e-02   1.000000e-02   1.000000e-02   1.000000e-02   1.000000e-02   1.000000e-02   1.000000e-02   1.000000e-02   1.000000e-02   1.000000e-02   1.000000e-02   1.000000e-02   1.000000e-02   1.000000e-02   1.000000e-02   1.000000e-02   1.000000e-02   1.000000e-02   1.000000e-02   1.000000e-02   1.000000e-02   1.000000e-02   1.000000e-02   1.000000e-02   1.000000e-02   1.000000e-02   1.000000e-02   1.000000e-02   1.000000e-02   1.000000e-02   1.000000e-02   1.000000e-02   1.000000e-02   1.000000e-02   1.000000e-02   1.000000e-02   1.000000e-02   1.000000e-02   1.000000e-02   1.000000e-02   1.000000e-02   1.000000e-02   1.000000e-02   1.000000e-02   1.000000e-02   1.000000e-02   1.000000e-02   1.000000e-02   1.000000e-02   1.000000e-02   1.000000e-02   1.000000e-02   1.000000e-02   1.000000e-02   1.000000e-02   1.000000e-02   1.000000e-02   1.000000e-02   1.000000e-02   1.000000e-02   1.000000e-02   1.000000e-02   1.000000e-02   1.000000e-02   1.000000e-02   1.000000e-02   1.000000e-02   1.000000e-02   1.000000e-02   1.000000e-02   1.000000e-02   1.000000e-02   1.000000e-02   1.000000e-02
    descriptors          'X001'         'X002'         'X003'         'X004'         'X005'         'X006'         'X007'         'X008'         'X009'         'X010'         'X011'         'X012'         'X013'         'X014'         'X015'         'X016'         'X017'         'X018'         'X019'         'X020'         'X021'         'X022'         'X023'         'X024'         'X025'         'X026'         'X027'         'X028'         'X029'         'X030'         'X031'         'X032'         'X033'         'X034'         'X035'         'X036'         'X037'         'X038'         'X039'         'X040'         'X041'         'X042'         'X043'         'X044'         'X045'         'X046'         'X047'         'X048'         'X049'         'X050'         'X051'         'X052'         'X053'         'X054'         'X055'         'X056'         'X057'         'X058'         'X059'         'X060'         'Y001'         'Y002'         'Y003'         'Y004'         'Y005'         'Y006'         'Y007'         'Y008'         'Y009'         'Y010'         'Y011'         'Y012'         'Y013'         'Y014'         'Y015'         'Y016'         'Y017'         'Y018'         'Y019'         'Y020'         'Y021'         'Y022'         'Y023'         'Y024'         'Y025'         'Y026'         'Y027'         'Y028'         'Y029'         'Y030'         'Y031'         'Y032'         'Y033'         'Y034'         'Y035'         'Y036'         'Y037'         'Y038'         'Y039'         'Y040'         'Y041'         'Y042'         'Y043'         'Y044'         'Y045'         'Y046'         'Y047'         'Y048'         'Y049'         'Y050'         'Y051'         'Y052'         'Y053'         'Y054'         'Y055'         'Y056'         'Y057'         'Y058'         'Y059'         'Y060'

interface
  fork
  analysis_driver = "flamedriver /home/tong1/work/FRIB/projects/packages/genopt/lattice/test_392.lat '5 18 31 40 53 66 76 89 102 111 126 141 154 163 178 193 206 215 230 245 258 267 282 297 310 320 335 350 363 373 388 403 416 426 441 456 469 479 494 509 522 532 547 562 575 585 600 615 628 638 653 668 681 703 711 746 754 791 799 875 884 895 926 960 1012 1025 1057 1090 1117 1139 1154 1163 1211 1229 1237' '9 22 44 57 80 93 115 130 145 167 182 197 219 234 249 271 286 301 324 339 354 377 392 407 430 445 460 483 498 513 536 551 566 589 604 619 642 657 672 689 698 732 741 761 786 856 870 905 921 994 1007 1020 1048 1098 1125 1134 1149 1197 1206 1224' '10 23 45 58 81 94 116 131 146 168 183 198 220 235 250 272 287 302 325 340 355 378 393 408 431 446 461 484 499 514 537 552 567 590 605 620 643 658 673 690 699 733 742 762 787 857 871 906 922 995 1008 1021 1049 1099 1126 1135 1150 1198 1207 1225'"
  deactivate = active_set_vector

responses
  num_objective_functions=1
  numerical_gradients
    method_source dakota
    interval_type forward
    fd_gradient_step_size 1.0e-6
  no_hessians

