environment
  tabular_data
   tabular_data_file '/home/tong1/work/FRIB/projects/packages/genopt/contrib/dakota1.dat'

method
  coliny_pattern_search
   contraction_factor 0.75
   max_function_evaluations 1000
   solution_accuracy 0.0001
   exploratory_moves basic_pattern
   threshold_delta 0.0001
   initial_delta 0.5
   max_iterations 100

model
  single

variables
  continuous_design = 80
    initial_point  1.000000e-04  1.000000e-04  1.000000e-04  1.000000e-04  1.000000e-04  1.000000e-04  1.000000e-04  1.000000e-04  1.000000e-04  1.000000e-04  1.000000e-04  1.000000e-04  1.000000e-04  1.000000e-04  1.000000e-04  1.000000e-04  1.000000e-04  1.000000e-04  1.000000e-04  1.000000e-04  1.000000e-04  1.000000e-04  1.000000e-04  1.000000e-04  1.000000e-04  1.000000e-04  1.000000e-04  1.000000e-04  1.000000e-04  1.000000e-04  1.000000e-04  1.000000e-04  1.000000e-04  1.000000e-04  1.000000e-04  1.000000e-04  1.000000e-04  1.000000e-04  1.000000e-04  1.000000e-04  1.000000e-04  1.000000e-04  1.000000e-04  1.000000e-04  1.000000e-04  1.000000e-04  1.000000e-04  1.000000e-04  1.000000e-04  1.000000e-04  1.000000e-04  1.000000e-04  1.000000e-04  1.000000e-04  1.000000e-04  1.000000e-04  1.000000e-04  1.000000e-04  1.000000e-04  1.000000e-04  1.000000e-04  1.000000e-04  1.000000e-04  1.000000e-04  1.000000e-04  1.000000e-04  1.000000e-04  1.000000e-04  1.000000e-04  1.000000e-04  1.000000e-04  1.000000e-04  1.000000e-04  1.000000e-04  1.000000e-04  1.000000e-04  1.000000e-04  1.000000e-04  1.000000e-04  1.000000e-04
    lower_bounds  -1.000000e-02 -1.000000e-02 -1.000000e-02 -1.000000e-02 -1.000000e-02 -1.000000e-02 -1.000000e-02 -1.000000e-02 -1.000000e-02 -1.000000e-02 -1.000000e-02 -1.000000e-02 -1.000000e-02 -1.000000e-02 -1.000000e-02 -1.000000e-02 -1.000000e-02 -1.000000e-02 -1.000000e-02 -1.000000e-02 -1.000000e-02 -1.000000e-02 -1.000000e-02 -1.000000e-02 -1.000000e-02 -1.000000e-02 -1.000000e-02 -1.000000e-02 -1.000000e-02 -1.000000e-02 -1.000000e-02 -1.000000e-02 -1.000000e-02 -1.000000e-02 -1.000000e-02 -1.000000e-02 -1.000000e-02 -1.000000e-02 -1.000000e-02 -1.000000e-02 -1.000000e-02 -1.000000e-02 -1.000000e-02 -1.000000e-02 -1.000000e-02 -1.000000e-02 -1.000000e-02 -1.000000e-02 -1.000000e-02 -1.000000e-02 -1.000000e-02 -1.000000e-02 -1.000000e-02 -1.000000e-02 -1.000000e-02 -1.000000e-02 -1.000000e-02 -1.000000e-02 -1.000000e-02 -1.000000e-02 -1.000000e-02 -1.000000e-02 -1.000000e-02 -1.000000e-02 -1.000000e-02 -1.000000e-02 -1.000000e-02 -1.000000e-02 -1.000000e-02 -1.000000e-02 -1.000000e-02 -1.000000e-02 -1.000000e-02 -1.000000e-02 -1.000000e-02 -1.000000e-02 -1.000000e-02 -1.000000e-02 -1.000000e-02 -1.000000e-02
    upper_bounds   1.000000e-02  1.000000e-02  1.000000e-02  1.000000e-02  1.000000e-02  1.000000e-02  1.000000e-02  1.000000e-02  1.000000e-02  1.000000e-02  1.000000e-02  1.000000e-02  1.000000e-02  1.000000e-02  1.000000e-02  1.000000e-02  1.000000e-02  1.000000e-02  1.000000e-02  1.000000e-02  1.000000e-02  1.000000e-02  1.000000e-02  1.000000e-02  1.000000e-02  1.000000e-02  1.000000e-02  1.000000e-02  1.000000e-02  1.000000e-02  1.000000e-02  1.000000e-02  1.000000e-02  1.000000e-02  1.000000e-02  1.000000e-02  1.000000e-02  1.000000e-02  1.000000e-02  1.000000e-02  1.000000e-02  1.000000e-02  1.000000e-02  1.000000e-02  1.000000e-02  1.000000e-02  1.000000e-02  1.000000e-02  1.000000e-02  1.000000e-02  1.000000e-02  1.000000e-02  1.000000e-02  1.000000e-02  1.000000e-02  1.000000e-02  1.000000e-02  1.000000e-02  1.000000e-02  1.000000e-02  1.000000e-02  1.000000e-02  1.000000e-02  1.000000e-02  1.000000e-02  1.000000e-02  1.000000e-02  1.000000e-02  1.000000e-02  1.000000e-02  1.000000e-02  1.000000e-02  1.000000e-02  1.000000e-02  1.000000e-02  1.000000e-02  1.000000e-02  1.000000e-02  1.000000e-02  1.000000e-02
    descriptors          'x001'        'x002'        'x003'        'x004'        'x005'        'x006'        'x007'        'x008'        'x009'        'x010'        'x011'        'x012'        'x013'        'x014'        'x015'        'x016'        'x017'        'x018'        'x019'        'x020'        'x021'        'x022'        'x023'        'x024'        'x025'        'x026'        'x027'        'x028'        'x029'        'x030'        'x031'        'x032'        'x033'        'x034'        'x035'        'x036'        'x037'        'x038'        'x039'        'x040'        'y001'        'y002'        'y003'        'y004'        'y005'        'y006'        'y007'        'y008'        'y009'        'y010'        'y011'        'y012'        'y013'        'y014'        'y015'        'y016'        'y017'        'y018'        'y019'        'y020'        'y021'        'y022'        'y023'        'y024'        'y025'        'y026'        'y027'        'y028'        'y029'        'y030'        'y031'        'y032'        'y033'        'y034'        'y035'        'y036'        'y037'        'y038'        'y039'        'y040'

interface
  fork
  analysis_driver = "flamedriver /home/tong1/work/FRIB/projects/packages/genopt/lattice/test_392.lat '5 18 31 40 53 66 76 89 102 111 126 141 154 163 178 193 206 215 230 245 258 267 282 297 310 320 335 350 363 373 388 403 416 426 441 456 469 479 494 509 522 532 547 562 575 585 600 615 628 638 653 668 681 703 711 746 754 791 799 875 884 895 926 960 1012 1025 1057 1090 1117 1139 1154 1163 1211 1229 1237' '9 22 44 57 80 93 115 130 145 167 182 197 219 234 249 271 286 301 324 339 354 377 392 407 430 445 460 483 498 513 536 551 566 589 604 619 642 657 672 689' '10 23 45 58 81 94 116 131 146 168 183 198 220 235 250 272 287 302 325 340 355 378 393 408 431 446 461 484 499 514 537 552 567 590 605 620 643 658 673 690'"
  deactivate = active_set_vector

responses
  num_objective_functions = 1
  numerical_gradients
   method_source dakota
   interval_type forward
   fd_gradient_step_size 1e-06
  no_hessians

